Time elapsed	Time stamp	trans_drain Voltage	trans_drain Current	trans_drain Resistance	Loop1 Index	trans_gate Voltage	trans_gate Current	trans_gate Resistance
s		V	A	V/A		V	A	V/A

4.41282689e+02	2023-06-05T11:55:08.851627	-1.00000000e-01	-5.16400000e-09	1.93648335e+07	1	1.00000000e+00	7.33360000e-09	1.36358678e+08
4.41590136e+02	2023-06-05T11:55:09.158986	-1.00000000e-01	-2.55850000e-09	3.90854016e+07	1	9.75000000e-01	4.08890000e-09	2.38450439e+08
4.41916228e+02	2023-06-05T11:55:09.484752	-1.00000000e-01	-2.54200000e-09	3.93391031e+07	1	9.50000000e-01	2.91310000e-09	3.26113075e+08
4.42262182e+02	2023-06-05T11:55:09.830318	-1.00000000e-01	-1.26890000e-09	7.88084167e+07	1	9.25000000e-01	1.68210000e-09	5.49907853e+08
4.42593452e+02	2023-06-05T11:55:10.161989	-1.00000000e-01	-1.18610000e-09	8.43099233e+07	1	9.00000000e-01	6.15200000e-10	1.46293888e+09
4.43945548e+02	2023-06-05T11:55:11.513810	-1.00000000e-01	-5.58090000e-10	1.79182569e+08	1	8.75000000e-01	7.07910000e-10	1.23603283e+09
4.44732941e+02	2023-06-05T11:55:12.301502	-1.00000000e-01	-5.32880000e-10	1.87659511e+08	1	8.50000000e-01	4.17680000e-10	2.03505076e+09
4.45757476e+02	2023-06-05T11:55:13.326339	-1.00000000e-01	-2.82870000e-10	3.53519284e+08	1	8.25000000e-01	4.33980000e-10	1.90100926e+09
4.47008227e+02	2023-06-05T11:55:14.576618	-1.00000000e-01	-1.11150000e-10	8.99685110e+08	1	8.00000000e-01	3.58200000e-11	2.23338917e+10
4.47819044e+02	2023-06-05T11:55:15.387541	-1.00000000e-01	-1.64150000e-10	6.09198903e+08	1	7.75000000e-01	-2.20880000e-10	-3.50869250e+09
4.48840033e+02	2023-06-05T11:55:16.408482	-1.00000000e-01	1.18830000e-10	-8.41538332e+08	1	7.50000000e-01	1.37400000e-11	5.45851528e+10
4.50202503e+02	2023-06-05T11:55:17.771706	-1.00000000e-01	-1.51510000e-10	6.60022441e+08	1	7.25000000e-01	-8.25900000e-11	-8.77830246e+09
4.51560241e+02	2023-06-05T11:55:19.128641	-1.00000000e-01	4.74600000e-11	-2.10703751e+09	1	7.00000000e-01	-9.54800000e-10	-7.33137830e+08
4.51859248e+02	2023-06-05T11:55:19.427731	-1.00000000e-01	1.29510000e-09	-7.72141147e+07	1	6.75000000e-01	-1.81630000e-09	-3.71634642e+08
4.52422116e+02	2023-06-05T11:55:19.991220	-1.00000000e-01	1.83170000e-09	-5.45940929e+07	1	6.50000000e-01	-2.10080000e-09	-3.09405941e+08
4.52749152e+02	2023-06-05T11:55:20.317465	-1.00000000e-01	3.46230000e-10	-2.88825347e+08	1	6.25000000e-01	-1.37680000e-09	-4.53951191e+08
4.53901395e+02	2023-06-05T11:55:21.469820	-1.00000000e-01	4.69830000e-10	-2.12842943e+08	1	6.00000000e-01	-2.17960000e-09	-2.75279868e+08
4.54924872e+02	2023-06-05T11:55:22.493878	-1.00000000e-01	9.44670000e-09	-1.05857072e+07	1	5.75000000e-01	-1.80100000e-09	-3.19267074e+08
4.55747483e+02	2023-06-05T11:55:23.316369	-1.00000000e-01	1.59520000e-09	-6.26880642e+07	1	5.50000000e-01	-2.63460000e-09	-2.08760343e+08
4.56051159e+02	2023-06-05T11:55:23.620069	-1.00000000e-01	2.28670000e-09	-4.37311409e+07	1	5.25000000e-01	-4.62450000e-09	-1.13525787e+08
4.56380281e+02	2023-06-05T11:55:23.948625	-1.00000000e-01	2.78400000e-09	-3.59195402e+07	1	5.00000000e-01	-4.89840000e-09	-1.02074147e+08
4.56706281e+02	2023-06-05T11:55:24.274858	-1.00000000e-01	1.65090000e-09	-6.05730208e+07	1	4.75000000e-01	-4.77030000e-09	-9.95744502e+07
4.57050458e+02	2023-06-05T11:55:24.619082	-1.00000000e-01	1.81590000e-09	-5.50691117e+07	1	4.50000000e-01	-5.45640000e-09	-8.24719595e+07
4.57383546e+02	2023-06-05T11:55:24.952157	-1.00000000e-01	3.15260000e-09	-3.17198503e+07	1	4.25000000e-01	-4.88350000e-09	-8.70277465e+07
4.57724258e+02	2023-06-05T11:55:25.293434	-1.00000000e-01	2.85540000e-09	-3.50213630e+07	1	4.00000000e-01	-5.90350000e-09	-6.77564157e+07
4.58050580e+02	2023-06-05T11:55:25.618955	-1.00000000e-01	1.84310000e-09	-5.42564158e+07	1	3.75000000e-01	-5.26560000e-09	-7.12169553e+07
4.58379346e+02	2023-06-05T11:55:25.948457	-1.00000000e-01	2.47820000e-09	-4.03518683e+07	1	3.50000000e-01	-5.69320000e-09	-6.14768496e+07
4.58729407e+02	2023-06-05T11:55:26.297935	-1.00000000e-01	3.51410000e-09	-2.84567884e+07	1	3.25000000e-01	-5.34880000e-09	-6.07612923e+07
4.59056211e+02	2023-06-05T11:55:26.624722	-1.00000000e-01	2.37390000e-09	-4.21247736e+07	1	3.00000000e-01	-6.38000000e-09	-4.70219436e+07
4.59388194e+02	2023-06-05T11:55:26.956505	-1.00000000e-01	2.79760000e-09	-3.57449242e+07	1	2.75000000e-01	-3.04890000e-09	-9.01964643e+07
4.60264249e+02	2023-06-05T11:55:27.832834	-1.00000000e-01	2.35460000e-09	-4.24700586e+07	1	2.50000000e-01	-4.70180000e-09	-5.31711260e+07
4.60593270e+02	2023-06-05T11:55:28.161962	-1.00000000e-01	2.07390000e-09	-4.82183326e+07	1	2.25000000e-01	-4.01360000e-09	-5.60593980e+07
4.61467333e+02	2023-06-05T11:55:29.036104	-1.00000000e-01	2.55320000e-09	-3.91665361e+07	1	2.00000000e-01	-4.87020000e-09	-4.10660753e+07
4.61795957e+02	2023-06-05T11:55:29.364321	-1.00000000e-01	1.78310000e-09	-5.60821042e+07	1	1.75000000e-01	-3.93530000e-09	-4.44692908e+07
4.62671535e+02	2023-06-05T11:55:30.239903	-1.00000000e-01	2.91760000e-09	-3.42747464e+07	1	1.50000000e-01	-4.44610000e-09	-3.37374328e+07
4.62990325e+02	2023-06-05T11:55:30.559421	-1.00000000e-01	2.02170000e-09	-4.94633229e+07	1	1.25000000e-01	-5.25620000e-09	-2.37814391e+07
4.63326537e+02	2023-06-05T11:55:30.894995	-1.00000000e-01	2.58750000e-09	-3.86473430e+07	1	1.00000000e-01	-3.83220000e-09	-2.60946715e+07
4.64195780e+02	2023-06-05T11:55:31.764719	-1.00000000e-01	2.07890000e-09	-4.81023618e+07	1	7.50000000e-02	-4.90580000e-09	-1.52880264e+07
4.64531034e+02	2023-06-05T11:55:32.099572	-1.00000000e-01	2.17740000e-09	-4.59263342e+07	1	5.00000000e-02	-3.59180000e-09	-1.39205969e+07
4.65396997e+02	2023-06-05T11:55:32.965818	-1.00000000e-01	2.14530000e-09	-4.66135272e+07	1	2.50000000e-02	-3.99080000e-09	-6.26440814e+06
4.65726242e+02	2023-06-05T11:55:33.295166	-1.00000000e-01	1.69310000e-09	-5.90632567e+07	1	0.00000000e+00	-2.28860000e-09	-0.00000000e+00
4.66597849e+02	2023-06-05T11:55:34.167217	-1.00000000e-01	2.12390000e-09	-4.70831960e+07	1	-2.50000000e-02	-3.31980000e-09	7.53057413e+06
4.66940554e+02	2023-06-05T11:55:34.509689	-1.00000000e-01	1.16300000e-09	-8.59845228e+07	1	-5.00000000e-02	-2.75200000e-09	1.81686047e+07
4.67801079e+02	2023-06-05T11:55:35.369955	-1.00000000e-01	1.94240000e-09	-5.14827018e+07	1	-7.50000000e-02	-2.49610000e-09	3.00468731e+07
4.68137198e+02	2023-06-05T11:55:35.706356	-1.00000000e-01	8.03230000e-10	-1.24497342e+08	1	-1.00000000e-01	-2.20000000e-09	4.54545455e+07
4.69294910e+02	2023-06-05T11:55:36.863502	-1.00000000e-01	8.12180000e-10	-1.23125416e+08	1	-1.25000000e-01	-2.04630000e-09	6.10858623e+07
4.70311392e+02	2023-06-05T11:55:37.880196	-1.00000000e-01	1.31870000e-09	-7.58322590e+07	1	-1.50000000e-01	-2.39350000e-09	6.26697305e+07
4.70936574e+02	2023-06-05T11:55:38.505865	-1.00000000e-01	8.04290000e-09	-1.24333263e+07	1	-1.75000000e-01	-3.21640000e-09	5.44086556e+07
4.71238727e+02	2023-06-05T11:55:38.808052	-1.00000000e-01	6.84850000e-10	-1.46017376e+08	1	-2.00000000e-01	-2.73800000e-09	7.30460190e+07
4.72052164e+02	2023-06-05T11:55:39.621177	-1.00000000e-01	5.60420000e-10	-1.78437600e+08	1	-2.25000000e-01	-2.17690000e-09	1.03357986e+08
4.73066158e+02	2023-06-05T11:55:40.635423	-1.00000000e-01	3.12190000e-10	-3.20317755e+08	1	-2.50000000e-01	-1.74160000e-09	1.43546164e+08
4.74097487e+02	2023-06-05T11:55:41.666826	-1.00000000e-01	-1.37020000e-10	7.29820464e+08	1	-2.75000000e-01	-2.48640000e-09	1.10601673e+08
4.75128523e+02	2023-06-05T11:55:42.697839	-1.00000000e-01	1.70340000e-10	-5.87061172e+08	1	-3.00000000e-01	-3.53080000e-09	8.49665798e+07
4.75498955e+02	2023-06-05T11:55:43.067868	-1.00000000e-01	-4.60860000e-10	2.16985636e+08	1	-3.25000000e-01	-4.23580000e-09	7.67269465e+07
4.75871237e+02	2023-06-05T11:55:43.439965	-1.00000000e-01	-2.40560000e-09	4.15696708e+07	1	-3.50000000e-01	-3.97590000e-09	8.80303831e+07
4.76480246e+02	2023-06-05T11:55:44.049315	-1.00000000e-01	-3.22930000e-09	3.09664633e+07	1	-3.75000000e-01	-4.08770000e-09	9.17386305e+07
4.76788683e+02	2023-06-05T11:55:44.357768	-1.00000000e-01	-5.38110000e-09	1.85835610e+07	1	-4.00000000e-01	-4.49780000e-09	8.89323669e+07
4.77096209e+02	2023-06-05T11:55:44.665160	-1.00000000e-01	-8.34530000e-09	1.19827927e+07	1	-4.25000000e-01	-5.45780000e-09	7.78702041e+07
4.77394988e+02	2023-06-05T11:55:44.964169	-1.00000000e-01	-1.90060000e-08	5.26149637e+06	1	-4.50000000e-01	-6.00060000e-09	7.49925007e+07
4.77708145e+02	2023-06-05T11:55:45.277511	-1.00000000e-01	-3.02620000e-08	3.30447426e+06	1	-4.75000000e-01	-6.17110000e-09	7.69716906e+07
4.78000491e+02	2023-06-05T11:55:45.569109	-1.00000000e-01	-6.21230000e-08	1.60970977e+06	1	-5.00000000e-01	-6.38910000e-09	7.82582836e+07
4.78299648e+02	2023-06-05T11:55:45.868530	-1.00000000e-01	-1.24070000e-07	8.05996615e+05	1	-5.25000000e-01	-1.24880000e-08	4.20403587e+07
4.78594923e+02	2023-06-05T11:55:46.164075	-1.00000000e-01	-2.16270000e-07	4.62384982e+05	1	-5.50000000e-01	-6.54180000e-09	8.40747195e+07
4.78896956e+02	2023-06-05T11:55:46.466349	-1.00000000e-01	-3.62800000e-07	2.75633958e+05	1	-5.75000000e-01	-9.30100000e-09	6.18213095e+07
4.79195290e+02	2023-06-05T11:55:46.764646	-1.00000000e-01	-5.69790000e-07	1.75503256e+05	1	-6.00000000e-01	-9.59500000e-09	6.25325690e+07
4.79481099e+02	2023-06-05T11:55:47.050289	-1.00000000e-01	-8.29010000e-07	1.20625807e+05	1	-6.25000000e-01	-6.80620000e-09	9.18280391e+07
4.79790469e+02	2023-06-05T11:55:47.359894	-1.00000000e-01	-1.18340000e-06	8.45022816e+04	1	-6.50000000e-01	-6.98160000e-09	9.31018678e+07
4.80080163e+02	2023-06-05T11:55:47.648749	-1.00000000e-01	-1.59120000e-06	6.28456511e+04	1	-6.75000000e-01	-7.10320000e-09	9.50275932e+07
4.80385465e+02	2023-06-05T11:55:47.954189	-1.00000000e-01	-2.06610000e-06	4.84003678e+04	1	-7.00000000e-01	-7.42170000e-09	9.43180134e+07
4.80692574e+02	2023-06-05T11:55:48.262134	-1.00000000e-01	-2.59390000e-06	3.85519874e+04	1	-7.25000000e-01	-1.06040000e-08	6.83704263e+07
4.80982364e+02	2023-06-05T11:55:48.551508	-1.00000000e-01	-3.21920000e-06	3.10636183e+04	1	-7.50000000e-01	-7.74380000e-09	9.68516749e+07
4.81289777e+02	2023-06-05T11:55:48.858745	-1.00000000e-01	-3.85930000e-06	2.59114347e+04	1	-7.75000000e-01	-7.90380000e-09	9.80541006e+07
4.81579417e+02	2023-06-05T11:55:49.148036	-1.00000000e-01	-4.49030000e-06	2.22702269e+04	1	-8.00000000e-01	-1.08140000e-08	7.39781764e+07
4.81879927e+02	2023-06-05T11:55:49.448510	-1.00000000e-01	-5.08780000e-06	1.96548606e+04	1	-8.25000000e-01	-1.11070000e-08	7.42774827e+07
4.82173207e+02	2023-06-05T11:55:49.742319	-1.00000000e-01	-5.62860000e-06	1.77664073e+04	1	-8.50000000e-01	-1.00480000e-08	8.45939490e+07
4.82456995e+02	2023-06-05T11:55:50.026202	-1.00000000e-01	-6.09770000e-06	1.63996261e+04	1	-8.75000000e-01	-1.14470000e-08	7.64392417e+07
4.82789216e+02	2023-06-05T11:55:50.358514	-1.00000000e-01	-6.46160000e-06	1.54760431e+04	1	-9.00000000e-01	-1.10130000e-08	8.17216017e+07
4.83079329e+02	2023-06-05T11:55:50.648072	-1.00000000e-01	-6.72490000e-06	1.48701096e+04	1	-9.25000000e-01	-9.75300000e-09	9.48426125e+07
4.83377311e+02	2023-06-05T11:55:50.946598	-1.00000000e-01	-6.93650000e-06	1.44164925e+04	1	-9.50000000e-01	-8.53120000e-09	1.11355964e+08
4.83691272e+02	2023-06-05T11:55:51.260749	-1.00000000e-01	-7.09520000e-06	1.40940354e+04	1	-9.75000000e-01	-9.49800000e-09	1.02653190e+08
4.83975246e+02	2023-06-05T11:55:51.543870	-1.00000000e-01	-7.28820000e-06	1.37208090e+04	1	-1.00000000e+00	-1.02520000e-08	9.75419430e+07
4.84226458e+02	2023-06-05T11:55:51.795270	-1.00000000e-01	-7.07270000e-06	1.41388720e+04	1	-1.00000000e+00	-7.40850000e-09	1.34980090e+08
4.84513369e+02	2023-06-05T11:55:52.082873	-1.00000000e-01	-6.42740000e-06	1.55583906e+04	1	-9.75000000e-01	-4.32240000e-09	2.25569128e+08
4.84809181e+02	2023-06-05T11:55:52.378509	-1.00000000e-01	-5.82470000e-06	1.71682662e+04	1	-9.50000000e-01	-2.47580000e-09	3.83714355e+08
4.85106713e+02	2023-06-05T11:55:52.675963	-1.00000000e-01	-5.28660000e-06	1.89157493e+04	1	-9.25000000e-01	-1.72190000e-09	5.37197282e+08
4.85932007e+02	2023-06-05T11:55:53.501074	-1.00000000e-01	-4.56910000e-06	2.18861483e+04	1	-9.00000000e-01	-9.45100000e-10	9.52280182e+08
4.86234565e+02	2023-06-05T11:55:53.803274	-1.00000000e-01	-4.18710000e-06	2.38828784e+04	1	-8.75000000e-01	-4.78850000e-10	1.82729456e+09
4.86809651e+02	2023-06-05T11:55:54.378692	-1.00000000e-01	-3.76190000e-06	2.65823121e+04	1	-8.50000000e-01	-2.04550000e-10	4.15546321e+09
4.87393616e+02	2023-06-05T11:55:54.962576	-1.00000000e-01	-3.39340000e-06	2.94689692e+04	1	-8.25000000e-01	4.74700000e-11	-1.73793975e+10
4.87972641e+02	2023-06-05T11:55:55.541517	-1.00000000e-01	-3.06180000e-06	3.26605265e+04	1	-8.00000000e-01	2.54370000e-10	-3.14502496e+09
4.88549943e+02	2023-06-05T11:55:56.118707	-1.00000000e-01	-2.75850000e-06	3.62515860e+04	1	-7.75000000e-01	4.09870000e-10	-1.89084344e+09
4.89136503e+02	2023-06-05T11:55:56.705685	-1.00000000e-01	-2.47840000e-06	4.03486120e+04	1	-7.50000000e-01	5.90820000e-10	-1.26942216e+09
4.89714394e+02	2023-06-05T11:55:57.283229	-1.00000000e-01	-2.21520000e-06	4.51426508e+04	1	-7.25000000e-01	7.95310000e-10	-9.11594221e+08
4.90299520e+02	2023-06-05T11:55:57.868217	-1.00000000e-01	-1.96610000e-06	5.08621128e+04	1	-7.00000000e-01	9.33700000e-10	-7.49705473e+08
4.91128610e+02	2023-06-05T11:55:58.698193	-1.00000000e-01	-1.70090000e-06	5.87924040e+04	1	-6.75000000e-01	1.68830000e-09	-3.99810460e+08
4.91429308e+02	2023-06-05T11:55:58.998747	-1.00000000e-01	-1.51320000e-06	6.60851176e+04	1	-6.50000000e-01	1.85190000e-09	-3.50990874e+08
4.91722353e+02	2023-06-05T11:55:59.291772	-1.00000000e-01	-1.31630000e-06	7.59705234e+04	1	-6.25000000e-01	2.62260000e-09	-2.38313124e+08
4.92017648e+02	2023-06-05T11:55:59.587085	-1.00000000e-01	-1.12540000e-06	8.88572952e+04	1	-6.00000000e-01	2.82800000e-09	-2.12164074e+08
4.92314115e+02	2023-06-05T11:55:59.883663	-1.00000000e-01	-9.41500000e-07	1.06213489e+05	1	-5.75000000e-01	2.73930000e-09	-2.09907641e+08
4.92613588e+02	2023-06-05T11:56:00.182856	-1.00000000e-01	-7.86570000e-07	1.27134266e+05	1	-5.50000000e-01	3.15710000e-09	-1.74210510e+08
4.92933057e+02	2023-06-05T11:56:00.501975	-1.00000000e-01	-6.21700000e-07	1.60849284e+05	1	-5.25000000e-01	3.40490000e-09	-1.54189550e+08
4.93229544e+02	2023-06-05T11:56:00.798985	-1.00000000e-01	-4.88780000e-07	2.04591023e+05	1	-5.00000000e-01	3.89400000e-09	-1.28402671e+08
4.93525933e+02	2023-06-05T11:56:01.095328	-1.00000000e-01	-3.76840000e-07	2.65364611e+05	1	-4.75000000e-01	3.93900000e-09	-1.20588982e+08
4.93819077e+02	2023-06-05T11:56:01.387835	-1.00000000e-01	-2.80260000e-07	3.56811532e+05	1	-4.50000000e-01	4.21840000e-09	-1.06675517e+08
4.94124309e+02	2023-06-05T11:56:01.693929	-1.00000000e-01	-1.98050000e-07	5.04922999e+05	1	-4.25000000e-01	4.23730000e-09	-1.00299719e+08
4.94426364e+02	2023-06-05T11:56:01.995344	-1.00000000e-01	-1.35630000e-07	7.37300007e+05	1	-4.00000000e-01	4.05910000e-09	-9.85440122e+07
4.94726948e+02	2023-06-05T11:56:02.296495	-1.00000000e-01	-9.37100000e-08	1.06712197e+06	1	-3.75000000e-01	4.54400000e-09	-8.25264085e+07
4.95015309e+02	2023-06-05T11:56:02.584553	-1.00000000e-01	-6.43100000e-08	1.55496812e+06	1	-3.50000000e-01	4.79670000e-09	-7.29668314e+07
4.95319541e+02	2023-06-05T11:56:02.889131	-1.00000000e-01	-3.62170000e-08	2.76113427e+06	1	-3.25000000e-01	4.99720000e-09	-6.50364204e+07
4.95627710e+02	2023-06-05T11:56:03.197146	-1.00000000e-01	-2.43470000e-08	4.10728221e+06	1	-3.00000000e-01	5.23900000e-09	-5.72628364e+07
4.95923920e+02	2023-06-05T11:56:03.493219	-1.00000000e-01	-1.04010000e-08	9.61446015e+06	1	-2.75000000e-01	5.71750000e-09	-4.80979449e+07
4.96236241e+02	2023-06-05T11:56:03.805031	-1.00000000e-01	-7.93590000e-09	1.26009652e+07	1	-2.50000000e-01	6.39320000e-09	-3.91040481e+07
4.96527554e+02	2023-06-05T11:56:04.097221	-1.00000000e-01	-4.94990000e-09	2.02024283e+07	1	-2.25000000e-01	6.34500000e-09	-3.54609929e+07
4.96831710e+02	2023-06-05T11:56:04.400873	-1.00000000e-01	-4.04300000e-09	2.47341083e+07	1	-2.00000000e-01	6.37920000e-09	-3.13518937e+07
4.97137294e+02	2023-06-05T11:56:04.706501	-1.00000000e-01	-1.87620000e-09	5.32992218e+07	1	-1.75000000e-01	6.03960000e-09	-2.89754288e+07
4.97436722e+02	2023-06-05T11:56:05.006407	-1.00000000e-01	-2.53630000e-09	3.94275125e+07	1	-1.50000000e-01	5.68540000e-09	-2.63833679e+07
4.97769168e+02	2023-06-05T11:56:05.338963	-1.00000000e-01	-2.20050000e-09	4.54442172e+07	1	-1.25000000e-01	5.87060000e-09	-2.12925425e+07
4.98106728e+02	2023-06-05T11:56:05.675993	-1.00000000e-01	-2.00690000e-09	4.98280931e+07	1	-1.00000000e-01	3.62360000e-09	-2.75968650e+07
4.98973635e+02	2023-06-05T11:56:06.542973	-1.00000000e-01	-2.42060000e-09	4.13120714e+07	1	-7.50000000e-02	2.92560000e-09	-2.56357670e+07
4.99273251e+02	2023-06-05T11:56:06.842803	-1.00000000e-01	-2.72640000e-09	3.66784038e+07	1	-5.00000000e-02	2.85230000e-09	-1.75297129e+07
4.99579174e+02	2023-06-05T11:56:07.148986	-1.00000000e-01	-1.66330000e-09	6.01214453e+07	1	-2.50000000e-02	3.14920000e-09	-7.93852407e+06
4.99881394e+02	2023-06-05T11:56:07.450770	-1.00000000e-01	-1.65760000e-09	6.03281853e+07	1	0.00000000e+00	2.98570000e-09	0.00000000e+00
5.00181207e+02	2023-06-05T11:56:07.750333	-1.00000000e-01	-1.65760000e-09	6.03281853e+07	1	2.50000000e-02	2.85300000e-09	8.76270592e+06
5.00496499e+02	2023-06-05T11:56:08.066107	-1.00000000e-01	-2.62560000e-09	3.80865326e+07	1	5.00000000e-02	3.40210000e-09	1.46968049e+07
5.01051312e+02	2023-06-05T11:56:08.620918	-1.00000000e-01	-1.73190000e-09	5.77400543e+07	1	7.50000000e-02	3.59290000e-09	2.08745025e+07
5.01381645e+02	2023-06-05T11:56:08.950575	-1.00000000e-01	-2.19840000e-09	4.54876274e+07	1	1.00000000e-01	2.54350000e-09	3.93159033e+07
5.02261304e+02	2023-06-05T11:56:09.830681	-1.00000000e-01	-1.88400000e-09	5.30785563e+07	1	1.25000000e-01	3.61590000e-09	3.45695401e+07
5.02584581e+02	2023-06-05T11:56:10.153598	-1.00000000e-01	-2.07480000e-09	4.81974166e+07	1	1.50000000e-01	2.81460000e-09	5.32935408e+07
5.03448418e+02	2023-06-05T11:56:11.017959	-1.00000000e-01	-2.13770000e-09	4.67792487e+07	1	1.75000000e-01	3.18620000e-09	5.49243613e+07
5.03792770e+02	2023-06-05T11:56:11.362231	-1.00000000e-01	-1.94760000e-09	5.13452454e+07	1	2.00000000e-01	3.18620000e-09	6.27706986e+07
5.04650618e+02	2023-06-05T11:56:12.220307	-1.00000000e-01	-2.41770000e-09	4.13616247e+07	1	2.25000000e-01	3.14430000e-09	7.15580574e+07
5.04986272e+02	2023-06-05T11:56:12.555673	-1.00000000e-01	-1.83980000e-09	5.43537341e+07	1	2.50000000e-01	2.31360000e-09	1.08056708e+08
5.05850301e+02	2023-06-05T11:56:13.419614	-1.00000000e-01	-2.74140000e-09	3.64777121e+07	1	2.75000000e-01	3.61130000e-09	7.61498629e+07
5.06188829e+02	2023-06-05T11:56:13.758142	-1.00000000e-01	-1.92330000e-09	5.19939687e+07	1	3.00000000e-01	4.71800000e-09	6.35862654e+07
5.06526953e+02	2023-06-05T11:56:14.096367	-1.00000000e-01	-2.03690000e-09	4.90942118e+07	1	3.25000000e-01	5.28720000e-09	6.14692087e+07
5.06860487e+02	2023-06-05T11:56:14.429811	-1.00000000e-01	-3.66010000e-09	2.73216579e+07	1	3.50000000e-01	5.24590000e-09	6.67187708e+07
5.07187218e+02	2023-06-05T11:56:14.756498	-1.00000000e-01	-3.69940000e-09	2.70314105e+07	1	3.75000000e-01	6.94690000e-09	5.39809123e+07
5.07534657e+02	2023-06-05T11:56:15.103976	-1.00000000e-01	-3.05210000e-09	3.27643262e+07	1	4.00000000e-01	6.05400000e-09	6.60720185e+07
5.07862668e+02	2023-06-05T11:56:15.432481	-1.00000000e-01	-4.06370000e-09	2.46081158e+07	1	4.25000000e-01	7.79820000e-09	5.44997564e+07
5.08193659e+02	2023-06-05T11:56:15.762676	-1.00000000e-01	-5.19040000e-09	1.92663379e+07	1	4.50000000e-01	7.93000000e-09	5.67465322e+07
5.08541433e+02	2023-06-05T11:56:16.111036	-1.00000000e-01	-5.01610000e-09	1.99358067e+07	1	4.75000000e-01	9.10400000e-09	5.21748682e+07
5.08860768e+02	2023-06-05T11:56:16.430610	-1.00000000e-01	-4.54460000e-09	2.20041368e+07	1	5.00000000e-01	1.15310000e-08	4.33613737e+07
5.09200046e+02	2023-06-05T11:56:16.769052	-1.00000000e-01	-6.48280000e-09	1.54254335e+07	1	5.25000000e-01	1.26690000e-08	4.14397348e+07
5.09535309e+02	2023-06-05T11:56:17.104845	-1.00000000e-01	-6.02340000e-09	1.66019192e+07	1	5.50000000e-01	1.23050000e-08	4.46972775e+07
5.09866805e+02	2023-06-05T11:56:17.435821	-1.00000000e-01	-5.35900000e-09	1.86601978e+07	1	5.75000000e-01	1.16400000e-08	4.93986254e+07
5.10233486e+02	2023-06-05T11:56:17.803314	-1.00000000e-01	-4.93680000e-09	2.02560363e+07	1	6.00000000e-01	1.23350000e-08	4.86420754e+07
5.10521628e+02	2023-06-05T11:56:18.090955	-1.00000000e-01	-9.69600000e-09	1.03135314e+07	1	6.25000000e-01	1.12430000e-08	5.55901450e+07
5.10862406e+02	2023-06-05T11:56:18.432161	-1.00000000e-01	-5.03750000e-09	1.98511166e+07	1	6.50000000e-01	1.21520000e-08	5.34891376e+07
5.11153764e+02	2023-06-05T11:56:18.722733	-1.00000000e-01	-4.87680000e-09	2.05052493e+07	1	6.75000000e-01	1.30400000e-08	5.17638037e+07
5.11497352e+02	2023-06-05T11:56:19.067034	-1.00000000e-01	-5.23330000e-09	1.91084020e+07	1	7.00000000e-01	1.41390000e-08	4.95084518e+07
5.11820843e+02	2023-06-05T11:56:19.390174	-1.00000000e-01	-6.02560000e-09	1.65958577e+07	1	7.25000000e-01	1.44700000e-08	5.01036628e+07
5.12145440e+02	2023-06-05T11:56:19.715301	-1.00000000e-01	-5.50330000e-09	1.81709156e+07	1	7.50000000e-01	9.55800000e-09	7.84682988e+07
5.12511581e+02	2023-06-05T11:56:20.081042	-1.00000000e-01	-3.93230000e-09	2.54304097e+07	1	7.75000000e-01	1.20810000e-08	6.41503187e+07
5.12822512e+02	2023-06-05T11:56:20.392503	-1.00000000e-01	-3.75940000e-09	2.65999894e+07	1	8.00000000e-01	1.06950000e-08	7.48013090e+07
5.13153123e+02	2023-06-05T11:56:20.722412	-1.00000000e-01	-6.08560000e-09	1.64322335e+07	1	8.25000000e-01	1.23110000e-08	6.70132402e+07
5.13487719e+02	2023-06-05T11:56:21.056985	-1.00000000e-01	-4.70600000e-09	2.12494688e+07	1	8.50000000e-01	9.37200000e-09	9.06956893e+07
5.13824024e+02	2023-06-05T11:56:21.393735	-1.00000000e-01	-3.81440000e-09	2.62164430e+07	1	8.75000000e-01	8.76240000e-09	9.98584863e+07
5.14157241e+02	2023-06-05T11:56:21.726579	-1.00000000e-01	-4.91610000e-09	2.03413275e+07	1	9.00000000e-01	8.27330000e-09	1.08783678e+08
5.14487492e+02	2023-06-05T11:56:22.057075	-1.00000000e-01	-4.69030000e-09	2.13205978e+07	1	9.25000000e-01	7.45520000e-09	1.24074472e+08
5.14827706e+02	2023-06-05T11:56:22.397668	-1.00000000e-01	-3.41650000e-09	2.92697205e+07	1	9.50000000e-01	7.25460000e-09	1.30951396e+08
5.15166858e+02	2023-06-05T11:56:22.736012	-1.00000000e-01	-4.44600000e-09	2.24921278e+07	1	9.75000000e-01	9.19300000e-09	1.06058958e+08
5.15497545e+02	2023-06-05T11:56:23.066788	-1.00000000e-01	-4.72740000e-09	2.11532766e+07	1	1.00000000e+00	7.43350000e-09	1.34526132e+08
5.15794863e+02	2023-06-05T11:56:23.364653	-1.00000000e-01	-3.81370000e-09	2.62212549e+07	2	1.00000000e+00	5.66370000e-09	1.76563024e+08
5.16082529e+02	2023-06-05T11:56:23.652117	-1.00000000e-01	-1.57110000e-09	6.36496722e+07	2	9.75000000e-01	3.01370000e-09	3.23522580e+08
5.16954543e+02	2023-06-05T11:56:24.524377	-1.00000000e-01	-1.77330000e-09	5.63920374e+07	2	9.50000000e-01	2.27520000e-09	4.17545710e+08
5.17286188e+02	2023-06-05T11:56:24.855826	-1.00000000e-01	-8.00260000e-10	1.24959388e+08	2	9.25000000e-01	1.07700000e-09	8.58867224e+08
5.17903784e+02	2023-06-05T11:56:25.473008	-1.00000000e-01	-1.28250000e-09	7.79727096e+07	2	9.00000000e-01	-2.81550000e-09	-3.19659030e+08
5.18523757e+02	2023-06-05T11:56:26.093715	-1.00000000e-01	-4.42750000e-10	2.25861095e+08	2	8.75000000e-01	4.91450000e-10	1.78044562e+09
5.19265858e+02	2023-06-05T11:56:26.834952	-1.00000000e-01	-2.43400000e-10	4.10846343e+08	2	8.50000000e-01	-1.90500000e-11	-4.46194226e+10
5.20300609e+02	2023-06-05T11:56:27.870630	-1.00000000e-01	1.20370000e-09	-8.30771787e+07	2	8.25000000e-01	2.95000000e-10	2.79661017e+09
5.21406682e+02	2023-06-05T11:56:28.975946	-1.00000000e-01	-2.88720000e-10	3.46356331e+08	2	8.00000000e-01	-1.23990000e-09	-6.45213324e+08
5.21703804e+02	2023-06-05T11:56:29.272925	-1.00000000e-01	3.14120000e-10	-3.18349675e+08	2	7.75000000e-01	-2.20750000e-09	-3.51075878e+08
5.22309499e+02	2023-06-05T11:56:29.879226	-1.00000000e-01	3.54550000e-10	-2.82047666e+08	2	7.50000000e-01	-1.13090000e-09	-6.63188611e+08
5.23218000e+02	2023-06-05T11:56:30.787698	-1.00000000e-01	1.44730000e-09	-6.90941754e+07	2	7.25000000e-01	-1.87290000e-09	-3.87100219e+08
5.23840440e+02	2023-06-05T11:56:31.410055	-1.00000000e-01	5.46300000e-10	-1.83049606e+08	2	7.00000000e-01	-2.23350000e-09	-3.13409447e+08
5.24455299e+02	2023-06-05T11:56:32.025203	-1.00000000e-01	8.57850000e-09	-1.16570496e+07	2	6.75000000e-01	-7.24440000e-10	-9.31754183e+08
5.25691154e+02	2023-06-05T11:56:33.261004	-1.00000000e-01	4.54610000e-10	-2.19968764e+08	2	6.50000000e-01	-2.09500000e-09	-3.10262530e+08
5.26002683e+02	2023-06-05T11:56:33.572783	-1.00000000e-01	2.63270000e-09	-3.79838189e+07	2	6.25000000e-01	-2.34870000e-09	-2.66104654e+08
5.26292499e+02	2023-06-05T11:56:33.862470	-1.00000000e-01	2.36320000e-09	-4.23155044e+07	2	6.00000000e-01	-3.02920000e-09	-1.98072098e+08
5.26581890e+02	2023-06-05T11:56:34.151199	-1.00000000e-01	1.89950000e-09	-5.26454330e+07	2	5.75000000e-01	-4.34220000e-09	-1.32421353e+08
5.26881650e+02	2023-06-05T11:56:34.451760	-1.00000000e-01	1.83090000e-09	-5.46179475e+07	2	5.50000000e-01	-5.18040000e-09	-1.06169408e+08
5.27210656e+02	2023-06-05T11:56:34.780591	-1.00000000e-01	3.06900000e-09	-3.25839036e+07	2	5.25000000e-01	-4.74090000e-09	-1.10738467e+08
5.27534129e+02	2023-06-05T11:56:35.103506	-1.00000000e-01	2.34390000e-09	-4.26639362e+07	2	5.00000000e-01	-5.55980000e-09	-8.99312925e+07
5.27879072e+02	2023-06-05T11:56:35.449136	-1.00000000e-01	2.08100000e-09	-4.80538203e+07	2	4.75000000e-01	-2.44240000e-09	-1.94480839e+08
5.28744484e+02	2023-06-05T11:56:36.313917	-1.00000000e-01	2.28170000e-09	-4.38269711e+07	2	4.50000000e-01	-4.48240000e-09	-1.00392647e+08
5.29084698e+02	2023-06-05T11:56:36.654287	-1.00000000e-01	1.73240000e-09	-5.77233895e+07	2	4.25000000e-01	-3.14440000e-09	-1.35160921e+08
5.29945406e+02	2023-06-05T11:56:37.515347	-1.00000000e-01	2.54470000e-09	-3.92973631e+07	2	4.00000000e-01	-4.00100000e-09	-9.99750062e+07
5.30277018e+02	2023-06-05T11:56:37.846888	-1.00000000e-01	1.38870000e-09	-7.20097933e+07	2	3.75000000e-01	-2.48500000e-09	-1.50905433e+08
5.31142480e+02	2023-06-05T11:56:38.712563	-1.00000000e-01	2.64680000e-09	-3.77814720e+07	2	3.50000000e-01	-4.72560000e-09	-7.40646690e+07
5.31491057e+02	2023-06-05T11:56:39.061058	-1.00000000e-01	1.63730000e-09	-6.10761620e+07	2	3.25000000e-01	-5.20480000e-09	-6.24423609e+07
5.31815935e+02	2023-06-05T11:56:39.385826	-1.00000000e-01	2.29680000e-09	-4.35388366e+07	2	3.00000000e-01	-3.10480000e-09	-9.66245813e+07
5.32681535e+02	2023-06-05T11:56:40.250851	-1.00000000e-01	1.76240000e-09	-5.67408080e+07	2	2.75000000e-01	-4.87440000e-09	-5.64172001e+07
5.33014370e+02	2023-06-05T11:56:40.584035	-1.00000000e-01	2.10890000e-09	-4.74180853e+07	2	2.50000000e-01	-2.46410000e-09	-1.01456921e+08
5.33891370e+02	2023-06-05T11:56:41.461285	-1.00000000e-01	2.06600000e-09	-4.84027106e+07	2	2.25000000e-01	-4.68360000e-09	-4.80399693e+07
5.34223873e+02	2023-06-05T11:56:41.793947	-1.00000000e-01	2.23670000e-09	-4.47087227e+07	2	2.00000000e-01	-5.20620000e-09	-3.84157351e+07
5.34533649e+02	2023-06-05T11:56:42.103181	-1.00000000e-01	2.59250000e-09	-3.85728062e+07	2	1.75000000e-01	-4.91630000e-09	-3.55958749e+07
5.34834768e+02	2023-06-05T11:56:42.404852	-1.00000000e-01	4.37790000e-09	-2.28420019e+07	2	1.50000000e-01	-5.34740000e-09	-2.80510154e+07
5.35128575e+02	2023-06-05T11:56:42.698748	-1.00000000e-01	3.17330000e-09	-3.15129361e+07	2	1.25000000e-01	-5.37740000e-09	-2.32454346e+07
5.35761249e+02	2023-06-05T11:56:43.331504	-1.00000000e-01	3.30980000e-09	-3.02133059e+07	2	1.00000000e-01	-5.52410000e-09	-1.81024963e+07
5.36111845e+02	2023-06-05T11:56:43.681917	-1.00000000e-01	2.11740000e-09	-4.72277321e+07	2	7.50000000e-02	-6.19100000e-09	-1.21143596e+07
5.36436931e+02	2023-06-05T11:56:44.007206	-1.00000000e-01	2.29600000e-09	-4.35540070e+07	2	5.00000000e-02	-5.97790000e-09	-8.36414125e+06
5.36771487e+02	2023-06-05T11:56:44.341491	-1.00000000e-01	3.23910000e-09	-3.08727733e+07	2	2.50000000e-02	-5.11470000e-09	-4.88787221e+06
5.37096371e+02	2023-06-05T11:56:44.665737	-1.00000000e-01	2.46250000e-09	-4.06091371e+07	2	0.00000000e+00	-5.83470000e-09	-0.00000000e+00
5.37441936e+02	2023-06-05T11:56:45.011426	-1.00000000e-01	2.09240000e-09	-4.77920092e+07	2	-2.50000000e-02	-3.50660000e-09	7.12941311e+06
5.38308666e+02	2023-06-05T11:56:45.878659	-1.00000000e-01	2.01100000e-09	-4.97265042e+07	2	-5.00000000e-02	-3.70270000e-09	1.35036595e+07
5.38651223e+02	2023-06-05T11:56:46.220930	-1.00000000e-01	1.47520000e-09	-6.77874187e+07	2	-7.50000000e-02	-2.79110000e-09	2.68711261e+07
5.39512193e+02	2023-06-05T11:56:47.081779	-1.00000000e-01	1.78450000e-09	-5.60381059e+07	2	-1.00000000e-01	-2.50040000e-09	3.99936010e+07
5.39841481e+02	2023-06-05T11:56:47.411288	-1.00000000e-01	8.29530000e-10	-1.20550191e+08	2	-1.25000000e-01	-1.51310000e-09	8.26118565e+07
5.40993774e+02	2023-06-05T11:56:48.563180	-1.00000000e-01	7.95280000e-10	-1.25741877e+08	2	-1.50000000e-01	-1.96430000e-09	7.63630810e+07
5.42027207e+02	2023-06-05T11:56:49.596700	-1.00000000e-01	9.96500000e-10	-1.00351229e+08	2	-1.75000000e-01	-2.55270000e-09	6.85548635e+07
5.42647673e+02	2023-06-05T11:56:50.217684	-1.00000000e-01	7.49520000e-10	-1.33418721e+08	2	-2.00000000e-01	-1.56270000e-09	1.27983618e+08
5.43389850e+02	2023-06-05T11:56:50.959383	-1.00000000e-01	1.12800000e-09	-8.86524823e+07	2	-2.25000000e-01	-2.94130000e-09	7.64967871e+07
5.43999481e+02	2023-06-05T11:56:51.569710	-1.00000000e-01	5.32820000e-10	-1.87680643e+08	2	-2.50000000e-01	-2.27190000e-09	1.10040055e+08
5.44751453e+02	2023-06-05T11:56:52.321111	-1.00000000e-01	3.85000000e-11	-2.59740260e+09	2	-2.75000000e-01	-1.93030000e-09	1.42464902e+08
5.45779145e+02	2023-06-05T11:56:53.348721	-1.00000000e-01	3.99740000e-10	-2.50162606e+08	2	-3.00000000e-01	-3.29820000e-09	9.09587047e+07
5.46151904e+02	2023-06-05T11:56:53.721389	-1.00000000e-01	-3.06770000e-10	3.25977116e+08	2	-3.25000000e-01	-4.81010000e-09	6.75661629e+07
5.46521530e+02	2023-06-05T11:56:54.091635	-1.00000000e-01	-9.79820000e-10	1.02059562e+08	2	-3.50000000e-01	-4.41110000e-09	7.93452880e+07
5.46885440e+02	2023-06-05T11:56:54.455516	-1.00000000e-01	-6.36630000e-09	1.57077109e+07	2	-3.75000000e-01	-3.57710000e-09	1.04833524e+08
5.48037417e+02	2023-06-05T11:56:55.607669	-1.00000000e-01	-8.34310000e-09	1.19859525e+07	2	-4.00000000e-01	-4.11980000e-09	9.70920918e+07
5.48342705e+02	2023-06-05T11:56:55.912673	-1.00000000e-01	-1.27060000e-08	7.87029750e+06	2	-4.25000000e-01	-4.69270000e-09	9.05661986e+07
5.48653229e+02	2023-06-05T11:56:56.222839	-1.00000000e-01	-1.90130000e-08	5.25955925e+06	2	-4.50000000e-01	-4.97430000e-09	9.04649900e+07
5.48953204e+02	2023-06-05T11:56:56.523151	-1.00000000e-01	-2.14350000e-08	4.66526709e+06	2	-4.75000000e-01	-5.44030000e-09	8.73113615e+07
5.49258796e+02	2023-06-05T11:56:56.829227	-1.00000000e-01	-6.77250000e-08	1.47655962e+06	2	-5.00000000e-01	-5.54020000e-09	9.02494495e+07
5.49549507e+02	2023-06-05T11:56:57.119650	-1.00000000e-01	-1.15910000e-07	8.62738331e+05	2	-5.25000000e-01	-5.62610000e-09	9.33150851e+07
5.49851259e+02	2023-06-05T11:56:57.421557	-1.00000000e-01	-2.06870000e-07	4.83395369e+05	2	-5.50000000e-01	-5.92660000e-09	9.28019438e+07
5.50159299e+02	2023-06-05T11:56:57.728922	-1.00000000e-01	-3.54700000e-07	2.81928390e+05	2	-5.75000000e-01	-6.03070000e-09	9.53454823e+07
5.50465292e+02	2023-06-05T11:56:58.035640	-1.00000000e-01	-5.44910000e-07	1.83516544e+05	2	-6.00000000e-01	-6.34440000e-09	9.45715907e+07
5.50766691e+02	2023-06-05T11:56:58.336717	-1.00000000e-01	-7.91980000e-07	1.26265815e+05	2	-6.25000000e-01	-6.39470000e-09	9.77371886e+07
5.51058526e+02	2023-06-05T11:56:58.628216	-1.00000000e-01	-1.10340000e-06	9.06289650e+04	2	-6.50000000e-01	-1.02650000e-08	6.33219679e+07
5.51343713e+02	2023-06-05T11:56:58.913959	-1.00000000e-01	-1.47310000e-06	6.78840540e+04	2	-6.75000000e-01	-9.49200000e-09	7.11125158e+07
5.51642532e+02	2023-06-05T11:56:59.213011	-1.00000000e-01	-1.92740000e-06	5.18833662e+04	2	-7.00000000e-01	-1.01240000e-08	6.91426314e+07
5.51945292e+02	2023-06-05T11:56:59.515675	-1.00000000e-01	-2.47590000e-06	4.03893534e+04	2	-7.25000000e-01	-1.05200000e-08	6.89163498e+07
5.52241157e+02	2023-06-05T11:56:59.810739	-1.00000000e-01	-3.04430000e-06	3.28482738e+04	2	-7.50000000e-01	-7.56920000e-09	9.90857686e+07
5.52540517e+02	2023-06-05T11:57:00.110764	-1.00000000e-01	-3.67280000e-06	2.72271836e+04	2	-7.75000000e-01	-9.90100000e-09	7.82749217e+07
5.52834756e+02	2023-06-05T11:57:00.404923	-1.00000000e-01	-4.31230000e-06	2.31894813e+04	2	-8.00000000e-01	-1.04830000e-08	7.63140322e+07
5.53131491e+02	2023-06-05T11:57:00.701133	-1.00000000e-01	-4.93170000e-06	2.02769836e+04	2	-8.25000000e-01	-1.07250000e-08	7.69230769e+07
5.53423824e+02	2023-06-05T11:57:00.993337	-1.00000000e-01	-5.51820000e-06	1.81218513e+04	2	-8.50000000e-01	-9.84400000e-09	8.63470134e+07
5.53708684e+02	2023-06-05T11:57:01.278493	-1.00000000e-01	-6.01310000e-06	1.66303571e+04	2	-8.75000000e-01	-8.53730000e-09	1.02491420e+08
5.54014645e+02	2023-06-05T11:57:01.584404	-1.00000000e-01	-6.43770000e-06	1.55334980e+04	2	-9.00000000e-01	-9.43400000e-09	9.53996184e+07
5.54295742e+02	2023-06-05T11:57:01.865352	-1.00000000e-01	-6.74610000e-06	1.48233794e+04	2	-9.25000000e-01	-1.16500000e-08	7.93991416e+07
5.54592753e+02	2023-06-05T11:57:02.163002	-1.00000000e-01	-7.01140000e-06	1.42624868e+04	2	-9.50000000e-01	-8.54920000e-09	1.11121508e+08
5.54911671e+02	2023-06-05T11:57:02.482043	-1.00000000e-01	-7.19850000e-06	1.38917830e+04	2	-9.75000000e-01	-9.54400000e-09	1.02158424e+08
5.55201562e+02	2023-06-05T11:57:02.771973	-1.00000000e-01	-7.38170000e-06	1.35470149e+04	2	-1.00000000e+00	-1.07880000e-08	9.26955877e+07
5.55472166e+02	2023-06-05T11:57:03.042136	-1.00000000e-01	-7.14750000e-06	1.39909059e+04	2	-1.00000000e+00	-7.19510000e-09	1.38983475e+08
5.55768923e+02	2023-06-05T11:57:03.338822	-1.00000000e-01	-6.46930000e-06	1.54576229e+04	2	-9.75000000e-01	-4.08090000e-09	2.38917886e+08
5.56057707e+02	2023-06-05T11:57:03.628022	-1.00000000e-01	-5.86150000e-06	1.70604794e+04	2	-9.50000000e-01	-2.20910000e-09	4.30039383e+08
5.56361849e+02	2023-06-05T11:57:03.931555	-1.00000000e-01	-5.27690000e-06	1.89505202e+04	2	-9.25000000e-01	-1.78980000e-09	5.16817522e+08
5.57184918e+02	2023-06-05T11:57:04.755256	-1.00000000e-01	-4.56260000e-06	2.19173278e+04	2	-9.00000000e-01	-9.60170000e-10	9.37334014e+08
5.57887683e+02	2023-06-05T11:57:05.458052	-1.00000000e-01	-4.04710000e-06	2.47090509e+04	2	-8.75000000e-01	-4.79870000e-10	1.82341051e+09
5.58466058e+02	2023-06-05T11:57:06.036147	-1.00000000e-01	-3.64180000e-06	2.74589489e+04	2	-8.50000000e-01	-1.56080000e-10	5.44592517e+09
5.59045902e+02	2023-06-05T11:57:06.615658	-1.00000000e-01	-3.28500000e-06	3.04414003e+04	2	-8.25000000e-01	8.89900000e-11	-9.27070457e+09
5.59631108e+02	2023-06-05T11:57:07.201599	-1.00000000e-01	-2.96110000e-06	3.37712337e+04	2	-8.00000000e-01	1.77730000e-10	-4.50120970e+09
5.60335704e+02	2023-06-05T11:57:07.905539	-1.00000000e-01	-2.65270000e-06	3.76974403e+04	2	-7.75000000e-01	9.26800000e-10	-8.36210617e+08
5.60629771e+02	2023-06-05T11:57:08.199456	-1.00000000e-01	-2.40940000e-06	4.15041089e+04	2	-7.50000000e-01	1.33130000e-09	-5.63359123e+08
5.60934081e+02	2023-06-05T11:57:08.504174	-1.00000000e-01	-2.16490000e-06	4.61915100e+04	2	-7.25000000e-01	1.52900000e-09	-4.74166122e+08
5.61232214e+02	2023-06-05T11:57:08.802651	-1.00000000e-01	-1.92420000e-06	5.19696497e+04	2	-7.00000000e-01	1.66320000e-09	-4.20875421e+08
5.61519742e+02	2023-06-05T11:57:09.089598	-1.00000000e-01	-1.69380000e-06	5.90388476e+04	2	-6.75000000e-01	1.92110000e-09	-3.51361199e+08
5.61828268e+02	2023-06-05T11:57:09.397926	-1.00000000e-01	-1.48020000e-06	6.75584380e+04	2	-6.50000000e-01	2.28370000e-09	-2.84625827e+08
5.62135877e+02	2023-06-05T11:57:09.706290	-1.00000000e-01	-1.27050000e-06	7.87091696e+04	2	-6.25000000e-01	2.68410000e-09	-2.32852725e+08
5.62427070e+02	2023-06-05T11:57:09.997643	-1.00000000e-01	-1.07180000e-06	9.33009890e+04	2	-6.00000000e-01	2.87110000e-09	-2.08979137e+08
5.62718629e+02	2023-06-05T11:57:10.288383	-1.00000000e-01	-8.99730000e-07	1.11144454e+05	2	-5.75000000e-01	3.36930000e-09	-1.70658594e+08
5.63017376e+02	2023-06-05T11:57:10.587755	-1.00000000e-01	-7.17550000e-07	1.39363111e+05	2	-5.50000000e-01	3.72450000e-09	-1.47670828e+08
5.63316869e+02	2023-06-05T11:57:10.886598	-1.00000000e-01	-5.69500000e-07	1.75592625e+05	2	-5.25000000e-01	3.51320000e-09	-1.49436411e+08
5.63625179e+02	2023-06-05T11:57:11.195405	-1.00000000e-01	-4.41020000e-07	2.26747086e+05	2	-5.00000000e-01	4.10940000e-09	-1.21672264e+08
5.63910466e+02	2023-06-05T11:57:11.480711	-1.00000000e-01	-3.35890000e-07	2.97716514e+05	2	-4.75000000e-01	4.11010000e-09	-1.15568964e+08
5.64232569e+02	2023-06-05T11:57:11.802766	-1.00000000e-01	-2.37880000e-07	4.20380024e+05	2	-4.50000000e-01	3.94500000e-09	-1.14068441e+08
5.64527589e+02	2023-06-05T11:57:12.097956	-1.00000000e-01	-1.65730000e-07	6.03391058e+05	2	-4.25000000e-01	4.24150000e-09	-1.00200401e+08
5.64829813e+02	2023-06-05T11:57:12.399662	-1.00000000e-01	-1.15520000e-07	8.65650970e+05	2	-4.00000000e-01	4.44760000e-09	-8.99361453e+07
5.65130611e+02	2023-06-05T11:57:12.700822	-1.00000000e-01	-8.24540000e-08	1.21279744e+06	2	-3.75000000e-01	4.51470000e-09	-8.30619975e+07
5.65425596e+02	2023-06-05T11:57:12.996263	-1.00000000e-01	-5.35510000e-08	1.86737876e+06	2	-3.50000000e-01	4.20420000e-09	-8.32500833e+07
5.65729611e+02	2023-06-05T11:57:13.300051	-1.00000000e-01	-3.51070000e-08	2.84843479e+06	2	-3.25000000e-01	4.78340000e-09	-6.79433039e+07
5.66029017e+02	2023-06-05T11:57:13.598848	-1.00000000e-01	-1.87520000e-08	5.33276451e+06	2	-3.00000000e-01	5.25120000e-09	-5.71297989e+07
5.66337786e+02	2023-06-05T11:57:13.907679	-1.00000000e-01	-1.40250000e-08	7.13012478e+06	2	-2.75000000e-01	5.59700000e-09	-4.91334644e+07
5.66628538e+02	2023-06-05T11:57:14.198349	-1.00000000e-01	-9.19400000e-09	1.08766587e+07	2	-2.50000000e-01	6.09240000e-09	-4.10347318e+07
5.66934642e+02	2023-06-05T11:57:14.505273	-1.00000000e-01	-3.78160000e-09	2.64438333e+07	2	-2.25000000e-01	5.69520000e-09	-3.95069532e+07
5.67294706e+02	2023-06-05T11:57:14.865410	-1.00000000e-01	-2.05120000e-09	4.87519501e+07	2	-2.00000000e-01	3.18280000e-09	-6.28377529e+07
5.68158212e+02	2023-06-05T11:57:15.728185	-1.00000000e-01	-2.07120000e-09	4.82811896e+07	2	-1.75000000e-01	4.24610000e-09	-4.12142908e+07
5.68494745e+02	2023-06-05T11:57:16.064879	-1.00000000e-01	-1.32890000e-09	7.52502069e+07	2	-1.50000000e-01	3.41050000e-09	-4.39818208e+07
5.69350867e+02	2023-06-05T11:57:16.920911	-1.00000000e-01	-2.09980000e-09	4.76235832e+07	2	-1.25000000e-01	3.66900000e-09	-3.40692287e+07
5.69693731e+02	2023-06-05T11:57:17.263910	-1.00000000e-01	-4.98800000e-10	2.00481155e+08	2	-1.00000000e-01	1.65550000e-09	-6.04047116e+07
5.70968217e+02	2023-06-05T11:57:18.538022	-1.00000000e-01	-1.64970000e-09	6.06170819e+07	2	-7.50000000e-02	1.90770000e-09	-3.93143576e+07
5.71833354e+02	2023-06-05T11:57:19.403887	-1.00000000e-01	-8.25150000e-10	1.21190087e+08	2	-5.00000000e-02	1.92870000e-09	-2.59241976e+07
5.72977535e+02	2023-06-05T11:57:20.548015	-1.00000000e-01	-9.63060000e-10	1.03835690e+08	2	-2.50000000e-02	1.03710000e-09	-2.41056793e+07
5.74005100e+02	2023-06-05T11:57:21.575820	-1.00000000e-01	-1.71470000e-09	5.83192395e+07	2	0.00000000e+00	1.66730000e-09	0.00000000e+00
5.74633845e+02	2023-06-05T11:57:22.204292	-1.00000000e-01	-6.98070000e-10	1.43252109e+08	2	2.50000000e-02	1.27890000e-09	1.95480491e+07
5.75780970e+02	2023-06-05T11:57:23.351616	-1.00000000e-01	-6.98430000e-09	1.43178271e+07	2	5.00000000e-02	1.41020000e-09	3.54559637e+07
5.76614247e+02	2023-06-05T11:57:24.184449	-1.00000000e-01	-1.54470000e-09	6.47374895e+07	2	7.50000000e-02	2.02500000e-09	3.70370370e+07
5.77452609e+02	2023-06-05T11:57:25.022481	-1.00000000e-01	-1.40680000e-09	7.10833096e+07	2	1.00000000e-01	2.30660000e-09	4.33538542e+07
5.77755285e+02	2023-06-05T11:57:25.325277	-1.00000000e-01	-1.30320000e-09	7.67341928e+07	2	1.25000000e-01	3.19390000e-09	3.91371051e+07
5.78057189e+02	2023-06-05T11:57:25.627838	-1.00000000e-01	-2.29910000e-09	4.34952808e+07	2	1.50000000e-01	2.29140000e-09	6.54621629e+07
5.78393225e+02	2023-06-05T11:57:25.963928	-1.00000000e-01	-1.84050000e-09	5.43330617e+07	2	1.75000000e-01	3.03600000e-09	5.76416337e+07
5.78728634e+02	2023-06-05T11:57:26.299145	-1.00000000e-01	-1.96760000e-09	5.08233381e+07	2	2.00000000e-01	3.00410000e-09	6.65756799e+07
5.79607656e+02	2023-06-05T11:57:27.178314	-1.00000000e-01	-2.21200000e-09	4.52079566e+07	2	2.25000000e-01	3.13730000e-09	7.17177191e+07
5.79921000e+02	2023-06-05T11:57:27.491578	-1.00000000e-01	-1.76470000e-09	5.66668556e+07	2	2.50000000e-01	2.09700000e-09	1.19217930e+08
5.80803080e+02	2023-06-05T11:57:28.373279	-1.00000000e-01	-2.61700000e-09	3.82116928e+07	2	2.75000000e-01	3.09700000e-09	8.87956087e+07
5.81126623e+02	2023-06-05T11:57:28.697286	-1.00000000e-01	-1.81830000e-09	5.49964252e+07	2	3.00000000e-01	4.85610000e-09	6.17779700e+07
5.81462476e+02	2023-06-05T11:57:29.032913	-1.00000000e-01	-1.84480000e-09	5.42064180e+07	2	3.25000000e-01	5.20960000e-09	6.23848280e+07
5.81794976e+02	2023-06-05T11:57:29.365600	-1.00000000e-01	-3.47360000e-09	2.87885767e+07	2	3.50000000e-01	5.02550000e-09	6.96448115e+07
5.82125605e+02	2023-06-05T11:57:29.695873	-1.00000000e-01	-3.81730000e-09	2.61965263e+07	2	3.75000000e-01	5.28020000e-09	7.10200371e+07
5.82466006e+02	2023-06-05T11:57:30.036715	-1.00000000e-01	-3.00780000e-09	3.32468914e+07	2	4.00000000e-01	5.92330000e-09	6.75299242e+07
5.82801690e+02	2023-06-05T11:57:30.372047	-1.00000000e-01	-3.67940000e-09	2.71783443e+07	2	4.25000000e-01	7.75840000e-09	5.47793359e+07
5.83139776e+02	2023-06-05T11:57:30.710611	-1.00000000e-01	-5.05680000e-09	1.97753520e+07	2	4.50000000e-01	7.99360000e-09	5.62950360e+07
5.83470338e+02	2023-06-05T11:57:31.040575	-1.00000000e-01	-5.26680000e-09	1.89868611e+07	2	4.75000000e-01	9.13000000e-09	5.20262870e+07
5.83801014e+02	2023-06-05T11:57:31.371043	-1.00000000e-01	-4.52670000e-09	2.20911481e+07	2	5.00000000e-01	1.24900000e-08	4.00320256e+07
5.84138853e+02	2023-06-05T11:57:31.709474	-1.00000000e-01	-4.22810000e-09	2.36512854e+07	2	5.25000000e-01	9.51300000e-09	5.51876380e+07
5.84469830e+02	2023-06-05T11:57:32.040628	-1.00000000e-01	-9.24600000e-09	1.08154878e+07	2	5.50000000e-01	9.81300000e-09	5.60480995e+07
5.84775881e+02	2023-06-05T11:57:32.346124	-1.00000000e-01	-5.22610000e-09	1.91347276e+07	2	5.75000000e-01	1.11680000e-08	5.14863897e+07
5.85065038e+02	2023-06-05T11:57:32.635823	-1.00000000e-01	-5.78260000e-09	1.72932591e+07	2	6.00000000e-01	1.35050000e-08	4.44279896e+07
5.85422018e+02	2023-06-05T11:57:32.991973	-1.00000000e-01	-5.67120000e-09	1.76329525e+07	2	6.25000000e-01	1.28220000e-08	4.87443457e+07
5.85755195e+02	2023-06-05T11:57:33.325845	-1.00000000e-01	-9.18000000e-09	1.08932462e+07	2	6.50000000e-01	1.14680000e-08	5.66794559e+07
5.86046661e+02	2023-06-05T11:57:33.617170	-1.00000000e-01	-6.25630000e-09	1.59838882e+07	2	6.75000000e-01	1.08040000e-08	6.24768604e+07
5.86342475e+02	2023-06-05T11:57:33.913108	-1.00000000e-01	-5.41190000e-09	1.84777989e+07	2	7.00000000e-01	1.43870000e-08	4.86550358e+07
5.86721901e+02	2023-06-05T11:57:34.291996	-1.00000000e-01	-4.79530000e-09	2.08537526e+07	2	7.25000000e-01	1.07330000e-08	6.75486816e+07
5.87035538e+02	2023-06-05T11:57:34.605601	-1.00000000e-01	-5.55470000e-09	1.80027724e+07	2	7.50000000e-01	1.39200000e-08	5.38793103e+07
5.87376109e+02	2023-06-05T11:57:34.947016	-1.00000000e-01	-6.12270000e-09	1.63326637e+07	2	7.75000000e-01	1.26490000e-08	6.12696656e+07
5.87700834e+02	2023-06-05T11:57:35.270835	-1.00000000e-01	-3.38790000e-09	2.95168098e+07	2	8.00000000e-01	1.14420000e-08	6.99178465e+07
5.88044533e+02	2023-06-05T11:57:35.615169	-1.00000000e-01	-2.63780000e-09	3.79103799e+07	2	8.25000000e-01	1.12310000e-08	7.34573947e+07
5.88377825e+02	2023-06-05T11:57:35.948580	-1.00000000e-01	-5.64550000e-09	1.77132229e+07	2	8.50000000e-01	1.12000000e-08	7.58928571e+07
5.88708687e+02	2023-06-05T11:57:36.279068	-1.00000000e-01	-5.01680000e-09	1.99330250e+07	2	8.75000000e-01	8.04270000e-09	1.08794310e+08
5.89065589e+02	2023-06-05T11:57:36.636401	-1.00000000e-01	-3.70150000e-09	2.70160746e+07	2	9.00000000e-01	7.54880000e-09	1.19224248e+08
5.89383587e+02	2023-06-05T11:57:36.953720	-1.00000000e-01	-3.76080000e-09	2.65900872e+07	2	9.25000000e-01	8.05110000e-09	1.14891133e+08
5.89711945e+02	2023-06-05T11:57:37.282678	-1.00000000e-01	-4.65100000e-09	2.15007525e+07	2	9.50000000e-01	7.77380000e-09	1.22205356e+08
5.90048727e+02	2023-06-05T11:57:37.618776	-1.00000000e-01	-4.11590000e-09	2.42960227e+07	2	9.75000000e-01	7.93860000e-09	1.22817625e+08
5.90378097e+02	2023-06-05T11:57:37.948378	-1.00000000e-01	-2.82070000e-09	3.54521927e+07	2	1.00000000e+00	7.92330000e-09	1.26210039e+08
5.90681930e+02	2023-06-05T11:57:38.252207	-1.00000000e-01	-2.12410000e-09	4.70787628e+07	3	1.00000000e+00	5.79930000e-09	1.72434604e+08
5.90972970e+02	2023-06-05T11:57:38.543887	-1.00000000e-01	-2.14910000e-09	4.65311060e+07	3	9.75000000e-01	3.14710000e-09	3.09809031e+08
5.91304034e+02	2023-06-05T11:57:38.874949	-1.00000000e-01	-1.76550000e-09	5.66411781e+07	3	9.50000000e-01	2.56320000e-09	3.70630462e+08
5.91651318e+02	2023-06-05T11:57:39.222337	-1.00000000e-01	-9.39330000e-10	1.06458859e+08	3	9.25000000e-01	1.01760000e-09	9.09001572e+08
5.92469263e+02	2023-06-05T11:57:40.039771	-1.00000000e-01	-1.35540000e-09	7.37789582e+07	3	9.00000000e-01	7.39550000e-10	1.21695626e+09
5.93048842e+02	2023-06-05T11:57:40.619222	-1.00000000e-01	-1.10250000e-09	9.07029478e+07	3	8.75000000e-01	-1.68710000e-09	-5.18641456e+08
5.93742716e+02	2023-06-05T11:57:41.313758	-1.00000000e-01	-2.43130000e-10	4.11302595e+08	3	8.50000000e-01	3.18480000e-10	2.66892741e+09
5.94458655e+02	2023-06-05T11:57:42.029679	-1.00000000e-01	-7.95600000e-11	1.25691302e+09	3	8.25000000e-01	2.91960000e-10	2.82572955e+09
5.95675947e+02	2023-06-05T11:57:43.246952	-1.00000000e-01	9.71500000e-10	-1.02933608e+08	3	8.00000000e-01	-1.17840000e-09	-6.78886626e+08
5.96007007e+02	2023-06-05T11:57:43.578082	-1.00000000e-01	2.95170000e-10	-3.38787817e+08	3	7.75000000e-01	-7.36280000e-10	-1.05258869e+09
5.96641417e+02	2023-06-05T11:57:44.212112	-1.00000000e-01	5.30020000e-09	-1.88672126e+07	3	7.50000000e-01	-2.24760000e-10	-3.33689269e+09
5.97861075e+02	2023-06-05T11:57:45.431787	-1.00000000e-01	8.04700000e-11	-1.24269914e+09	3	7.25000000e-01	-1.71080000e-09	-4.23778349e+08
5.98692566e+02	2023-06-05T11:57:46.263451	-1.00000000e-01	3.12320000e-10	-3.20184426e+08	3	7.00000000e-01	-1.73250000e-09	-4.04040404e+08
5.99301538e+02	2023-06-05T11:57:46.871752	-1.00000000e-01	4.55970000e-10	-2.19312674e+08	3	6.75000000e-01	-2.12100000e-09	-3.18246110e+08
6.00213803e+02	2023-06-05T11:57:47.784229	-1.00000000e-01	1.01510000e-09	-9.85124618e+07	3	6.50000000e-01	-2.53590000e-09	-2.56319255e+08
6.00826559e+02	2023-06-05T11:57:48.397573	-1.00000000e-01	8.11090000e-10	-1.23290880e+08	3	6.25000000e-01	-9.10800000e-10	-6.86209925e+08
6.01446023e+02	2023-06-05T11:57:49.016366	-1.00000000e-01	1.25230000e-09	-7.98530704e+07	3	6.00000000e-01	-2.40050000e-09	-2.49947928e+08
6.02319844e+02	2023-06-05T11:57:49.890106	-1.00000000e-01	1.98740000e-09	-5.03169971e+07	3	5.75000000e-01	-3.48560000e-09	-1.64964425e+08
6.02655835e+02	2023-06-05T11:57:50.226888	-1.00000000e-01	5.90140000e-10	-1.69451317e+08	3	5.50000000e-01	-1.05050000e-09	-5.23560209e+08
6.03804470e+02	2023-06-05T11:57:51.375353	-1.00000000e-01	1.52590000e-09	-6.55350940e+07	3	5.25000000e-01	-2.35490000e-09	-2.22939403e+08
6.04663447e+02	2023-06-05T11:57:52.233920	-1.00000000e-01	5.57060000e-10	-1.79513876e+08	3	5.00000000e-01	-9.52000000e-10	-5.25210084e+08
6.05818532e+02	2023-06-05T11:57:53.389333	-1.00000000e-01	7.57180000e-10	-1.32068993e+08	3	4.75000000e-01	-1.17210000e-09	-4.05255524e+08
6.06852241e+02	2023-06-05T11:57:54.422624	-1.00000000e-01	1.83590000e-09	-5.44691977e+07	3	4.50000000e-01	-3.28280000e-09	-1.37078104e+08
6.07478050e+02	2023-06-05T11:57:55.048928	-1.00000000e-01	1.14440000e-09	-8.73820343e+07	3	4.25000000e-01	-2.68070000e-09	-1.58540680e+08
6.08334900e+02	2023-06-05T11:57:55.905676	-1.00000000e-01	2.33890000e-09	-4.27551413e+07	3	4.00000000e-01	-2.95860000e-09	-1.35199081e+08
6.08671778e+02	2023-06-05T11:57:56.242824	-1.00000000e-01	9.05740000e-10	-1.10406960e+08	3	3.75000000e-01	-1.99650000e-09	-1.87828700e+08
6.09817846e+02	2023-06-05T11:57:57.388348	-1.00000000e-01	1.98530000e-09	-5.03702211e+07	3	3.50000000e-01	-3.24530000e-09	-1.07848273e+08
6.10689710e+02	2023-06-05T11:57:58.260007	-1.00000000e-01	8.02580000e-10	-1.24598171e+08	3	3.25000000e-01	-2.58080000e-09	-1.25929944e+08
6.11851416e+02	2023-06-05T11:57:59.422696	-1.00000000e-01	6.28730000e-10	-1.59050785e+08	3	3.00000000e-01	-1.39780000e-09	-2.14622979e+08
6.13404229e+02	2023-06-05T11:58:00.974668	-1.00000000e-01	1.77180000e-09	-5.64397788e+07	3	2.75000000e-01	-2.22150000e-09	-1.23790232e+08
6.14260129e+02	2023-06-05T11:58:01.831001	-1.00000000e-01	7.51910000e-10	-1.32994640e+08	3	2.50000000e-01	-1.23220000e-09	-2.02889141e+08
6.15422006e+02	2023-06-05T11:58:02.993146	-1.00000000e-01	1.79810000e-09	-5.56142595e+07	3	2.25000000e-01	-2.87840000e-09	-7.81684269e+07
6.16286092e+02	2023-06-05T11:58:03.857222	-1.00000000e-01	8.92650000e-10	-1.12025990e+08	3	2.00000000e-01	-2.58220000e-09	-7.74533344e+07
6.17439903e+02	2023-06-05T11:58:05.011124	-1.00000000e-01	7.77440000e-10	-1.28627290e+08	3	1.75000000e-01	-1.30000000e-09	-1.34615385e+08
6.18998465e+02	2023-06-05T11:58:06.569378	-1.00000000e-01	1.77590000e-09	-5.63094769e+07	3	1.50000000e-01	-2.66730000e-09	-5.62366438e+07
6.19865175e+02	2023-06-05T11:58:07.435923	-1.00000000e-01	1.17150000e-09	-8.53606487e+07	3	1.25000000e-01	-1.79470000e-09	-6.96495236e+07
6.20741733e+02	2023-06-05T11:58:08.312507	-1.00000000e-01	2.41750000e-09	-4.13650465e+07	3	1.00000000e-01	-2.89780000e-09	-3.45089378e+07
6.21071780e+02	2023-06-05T11:58:08.643085	-1.00000000e-01	1.44660000e-09	-6.91276096e+07	3	7.50000000e-02	-4.06810000e-09	-1.84361250e+07
6.21397844e+02	2023-06-05T11:58:08.969084	-1.00000000e-01	1.93450000e-09	-5.16929439e+07	3	5.00000000e-02	-2.86590000e-09	-1.74465264e+07
6.22269021e+02	2023-06-05T11:58:09.840094	-1.00000000e-01	1.60020000e-09	-6.24921885e+07	3	2.50000000e-02	-3.29190000e-09	-7.59439837e+06
6.22592711e+02	2023-06-05T11:58:10.163422	-1.00000000e-01	1.47300000e-09	-6.78886626e+07	3	0.00000000e+00	-1.62340000e-09	-0.00000000e+00
6.23468543e+02	2023-06-05T11:58:11.039300	-1.00000000e-01	1.76160000e-09	-5.67665758e+07	3	-2.50000000e-02	-2.59320000e-09	9.64059849e+06
6.23815908e+02	2023-06-05T11:58:11.386372	-1.00000000e-01	7.69190000e-10	-1.30006890e+08	3	-5.00000000e-02	-2.10350000e-09	2.37699073e+07
6.24956832e+02	2023-06-05T11:58:12.528238	-1.00000000e-01	7.78410000e-10	-1.28467003e+08	3	-7.50000000e-02	-1.27490000e-09	5.88281434e+07
6.25986105e+02	2023-06-05T11:58:13.556855	-1.00000000e-01	1.19940000e-09	-8.33750208e+07	3	-1.00000000e-01	-2.12520000e-09	4.70543949e+07
6.26599335e+02	2023-06-05T11:58:14.169925	-1.00000000e-01	8.22960000e-10	-1.21512589e+08	3	-1.25000000e-01	-1.44610000e-09	8.64393887e+07
6.27347080e+02	2023-06-05T11:58:14.918459	-1.00000000e-01	1.49020000e-09	-6.71050866e+07	3	-1.50000000e-01	-1.86040000e-09	8.06278220e+07
6.27969264e+02	2023-06-05T11:58:15.540433	-1.00000000e-01	8.51910000e-10	-1.17383292e+08	3	-1.75000000e-01	-2.43750000e-09	7.17948718e+07
6.28586041e+02	2023-06-05T11:58:16.157082	-1.00000000e-01	1.41020000e-09	-7.09119274e+07	3	-2.00000000e-01	-2.71350000e-09	7.37055463e+07
6.29203333e+02	2023-06-05T11:58:16.774776	-1.00000000e-01	7.97940000e-10	-1.25322706e+08	3	-2.25000000e-01	-1.79120000e-09	1.25614113e+08
6.29942248e+02	2023-06-05T11:58:17.512828	-1.00000000e-01	1.43870000e-09	-6.95071940e+07	3	-2.50000000e-01	-2.65550000e-09	9.41442290e+07
6.30565512e+02	2023-06-05T11:58:18.136393	-1.00000000e-01	6.66800000e-10	-1.49970006e+08	3	-2.75000000e-01	-3.31510000e-09	8.29537571e+07
6.31184256e+02	2023-06-05T11:58:18.755024	-1.00000000e-01	1.08440000e-09	-9.22168941e+07	3	-3.00000000e-01	-3.55200000e-09	8.44594595e+07
6.31810118e+02	2023-06-05T11:58:19.381330	-1.00000000e-01	1.48300000e-11	-6.74308833e+09	3	-3.25000000e-01	-2.80930000e-09	1.15687182e+08
6.32550175e+02	2023-06-05T11:58:20.120938	-1.00000000e-01	-2.54800000e-10	3.92464678e+08	3	-3.50000000e-01	-3.75160000e-09	9.32935281e+07
6.32916258e+02	2023-06-05T11:58:20.486831	-1.00000000e-01	-8.96070000e-10	1.11598424e+08	3	-3.75000000e-01	-3.97800000e-09	9.42684766e+07
6.33286883e+02	2023-06-05T11:58:20.858105	-1.00000000e-01	-3.05280000e-09	3.27568134e+07	3	-4.00000000e-01	-3.36470000e-09	1.18881327e+08
6.33910233e+02	2023-06-05T11:58:21.481002	-1.00000000e-01	-4.45670000e-09	2.24381269e+07	3	-4.25000000e-01	-4.23790000e-09	1.00285519e+08
6.34211346e+02	2023-06-05T11:58:21.782730	-1.00000000e-01	-7.35440000e-09	1.35973023e+07	3	-4.50000000e-01	-4.85550000e-09	9.26784059e+07
6.34519190e+02	2023-06-05T11:58:22.090735	-1.00000000e-01	-1.84250000e-08	5.42740841e+06	3	-4.75000000e-01	-5.64360000e-09	8.41661351e+07
6.34808117e+02	2023-06-05T11:58:22.379550	-1.00000000e-01	-2.98180000e-08	3.35367899e+06	3	-5.00000000e-01	-5.81480000e-09	8.59874802e+07
6.35123826e+02	2023-06-05T11:58:22.694528	-1.00000000e-01	-6.13990000e-08	1.62869102e+06	3	-5.25000000e-01	-6.17810000e-09	8.49775821e+07
6.35409110e+02	2023-06-05T11:58:22.980385	-1.00000000e-01	-9.09030000e-08	1.10007370e+06	3	-5.50000000e-01	-6.28080000e-09	8.75684626e+07
6.35730285e+02	2023-06-05T11:58:23.301644	-1.00000000e-01	-2.19670000e-07	4.55228297e+05	3	-5.75000000e-01	-6.38630000e-09	9.00364843e+07
6.36034210e+02	2023-06-05T11:58:23.604999	-1.00000000e-01	-3.71090000e-07	2.69476407e+05	3	-6.00000000e-01	-6.85440000e-09	8.75350140e+07
6.36325888e+02	2023-06-05T11:58:23.897095	-1.00000000e-01	-5.80890000e-07	1.72149632e+05	3	-6.25000000e-01	-9.69000000e-09	6.44994840e+07
6.36619593e+02	2023-06-05T11:58:24.190520	-1.00000000e-01	-8.44290000e-07	1.18442715e+05	3	-6.50000000e-01	-9.85000000e-09	6.59898477e+07
6.36916995e+02	2023-06-05T11:58:24.488457	-1.00000000e-01	-1.20020000e-06	8.33194468e+04	3	-6.75000000e-01	-7.03720000e-09	9.59188314e+07
6.37220745e+02	2023-06-05T11:58:24.791817	-1.00000000e-01	-1.60670000e-06	6.22393726e+04	3	-7.00000000e-01	-7.19680000e-09	9.72654513e+07
6.37520012e+02	2023-06-05T11:58:25.091475	-1.00000000e-01	-2.11840000e-06	4.72054381e+04	3	-7.25000000e-01	-9.36400000e-09	7.74241777e+07
6.37810596e+02	2023-06-05T11:58:25.381373	-1.00000000e-01	-2.67200000e-06	3.74251497e+04	3	-7.50000000e-01	-9.21100000e-09	8.14243839e+07
6.38107753e+02	2023-06-05T11:58:25.679307	-1.00000000e-01	-3.32240000e-06	3.00987238e+04	3	-7.75000000e-01	-9.43500000e-09	8.21409645e+07
6.38393269e+02	2023-06-05T11:58:25.964130	-1.00000000e-01	-3.97480000e-06	2.51584985e+04	3	-8.00000000e-01	-9.42900000e-09	8.48446283e+07
6.38693156e+02	2023-06-05T11:58:26.264484	-1.00000000e-01	-4.65170000e-06	2.14975170e+04	3	-8.25000000e-01	-8.06400000e-09	1.02306548e+08
6.38996242e+02	2023-06-05T11:58:26.567077	-1.00000000e-01	-5.29690000e-06	1.88789669e+04	3	-8.50000000e-01	-1.03100000e-08	8.24442289e+07
6.39296936e+02	2023-06-05T11:58:26.868358	-1.00000000e-01	-5.86340000e-06	1.70549511e+04	3	-8.75000000e-01	-9.74800000e-09	8.97620025e+07
6.39592917e+02	2023-06-05T11:58:27.163908	-1.00000000e-01	-6.34870000e-06	1.57512562e+04	3	-9.00000000e-01	-8.41020000e-09	1.07012913e+08
6.39887112e+02	2023-06-05T11:58:27.457882	-1.00000000e-01	-6.72550000e-06	1.48687830e+04	3	-9.25000000e-01	-8.43620000e-09	1.09646523e+08
6.40199130e+02	2023-06-05T11:58:27.770258	-1.00000000e-01	-6.99650000e-06	1.42928607e+04	3	-9.50000000e-01	-9.51800000e-09	9.98108846e+07
6.40492899e+02	2023-06-05T11:58:28.064361	-1.00000000e-01	-7.22950000e-06	1.38322152e+04	3	-9.75000000e-01	-9.57600000e-09	1.01817043e+08
6.40782722e+02	2023-06-05T11:58:28.353581	-1.00000000e-01	-7.42750000e-06	1.34634803e+04	3	-1.00000000e+00	-1.07950000e-08	9.26354794e+07
6.41044126e+02	2023-06-05T11:58:28.615408	-1.00000000e-01	-7.20360000e-06	1.38819479e+04	3	-1.00000000e+00	-7.60110000e-09	1.31559906e+08
6.41325950e+02	2023-06-05T11:58:28.897124	-1.00000000e-01	-6.51450000e-06	1.53503722e+04	3	-9.75000000e-01	-4.09460000e-09	2.38118498e+08
6.41624218e+02	2023-06-05T11:58:29.195225	-1.00000000e-01	-5.86340000e-06	1.70549511e+04	3	-9.50000000e-01	-2.66660000e-09	3.56258906e+08
6.41922292e+02	2023-06-05T11:58:29.493246	-1.00000000e-01	-5.29240000e-06	1.88950193e+04	3	-9.25000000e-01	-1.57170000e-09	5.88534708e+08
6.42217228e+02	2023-06-05T11:58:29.788867	-1.00000000e-01	-4.79940000e-06	2.08359378e+04	3	-9.00000000e-01	-9.97500000e-10	9.02255639e+08
6.43452147e+02	2023-06-05T11:58:31.023496	-1.00000000e-01	-4.00190000e-06	2.49881306e+04	3	-8.75000000e-01	-6.48500000e-10	1.34926754e+09
6.44159190e+02	2023-06-05T11:58:31.730686	-1.00000000e-01	-3.55670000e-06	2.81159502e+04	3	-8.50000000e-01	-3.51830000e-10	2.41593952e+09
6.44855222e+02	2023-06-05T11:58:32.426125	-1.00000000e-01	-3.16890000e-06	3.15566916e+04	3	-8.25000000e-01	-4.78500000e-11	1.72413793e+10
6.45438805e+02	2023-06-05T11:58:33.010419	-1.00000000e-01	-2.84950000e-06	3.50938761e+04	3	-8.00000000e-01	1.75130000e-10	-4.56803517e+09
6.46019367e+02	2023-06-05T11:58:33.590400	-1.00000000e-01	-2.55140000e-06	3.91941679e+04	3	-7.75000000e-01	3.60880000e-10	-2.14752826e+09
6.46600164e+02	2023-06-05T11:58:34.171014	-1.00000000e-01	-2.27200000e-06	4.40140845e+04	3	-7.50000000e-01	5.49810000e-10	-1.36410760e+09
6.47176979e+02	2023-06-05T11:58:34.748117	-1.00000000e-01	-2.00870000e-06	4.97834420e+04	3	-7.25000000e-01	7.37460000e-10	-9.83104168e+08
6.47767280e+02	2023-06-05T11:58:35.338533	-1.00000000e-01	-1.76030000e-06	5.68084986e+04	3	-7.00000000e-01	4.40190000e-10	-1.59022240e+09
6.49011522e+02	2023-06-05T11:58:36.582328	-1.00000000e-01	-1.46990000e-06	6.80318389e+04	3	-6.75000000e-01	1.14400000e-09	-5.90034965e+08
6.49308681e+02	2023-06-05T11:58:36.880351	-1.00000000e-01	-1.29630000e-06	7.71426367e+04	3	-6.50000000e-01	1.50940000e-09	-4.30634689e+08
6.49611626e+02	2023-06-05T11:58:37.182419	-1.00000000e-01	-1.12470000e-06	8.89125989e+04	3	-6.25000000e-01	1.96290000e-09	-3.18406439e+08
6.49900712e+02	2023-06-05T11:58:37.471659	-1.00000000e-01	-9.55700000e-07	1.04635346e+05	3	-6.00000000e-01	2.27030000e-09	-2.64282253e+08
6.50200899e+02	2023-06-05T11:58:37.771972	-1.00000000e-01	-7.96170000e-07	1.25601316e+05	3	-5.75000000e-01	2.81660000e-09	-2.04146844e+08
6.50497499e+02	2023-06-05T11:58:38.069200	-1.00000000e-01	-6.44030000e-07	1.55272270e+05	3	-5.50000000e-01	3.45170000e-09	-1.59341774e+08
6.50802420e+02	2023-06-05T11:58:38.373333	-1.00000000e-01	-4.95280000e-07	2.01905993e+05	3	-5.25000000e-01	3.58240000e-09	-1.46549799e+08
6.51092142e+02	2023-06-05T11:58:38.663637	-1.00000000e-01	-3.80820000e-07	2.62591250e+05	3	-5.00000000e-01	3.86560000e-09	-1.29346026e+08
6.51388974e+02	2023-06-05T11:58:38.960458	-1.00000000e-01	-2.84180000e-07	3.51889647e+05	3	-4.75000000e-01	3.64760000e-09	-1.30222612e+08
6.51688189e+02	2023-06-05T11:58:39.260003	-1.00000000e-01	-2.08040000e-07	4.80676793e+05	3	-4.50000000e-01	4.10600000e-09	-1.09595714e+08
6.52002916e+02	2023-06-05T11:58:39.574191	-1.00000000e-01	-1.42030000e-07	7.04076604e+05	3	-4.25000000e-01	4.26430000e-09	-9.96646577e+07
6.52298034e+02	2023-06-05T11:58:39.869854	-1.00000000e-01	-9.85400000e-08	1.01481632e+06	3	-4.00000000e-01	3.93100000e-09	-1.01755279e+08
6.52597935e+02	2023-06-05T11:58:40.168822	-1.00000000e-01	-6.72480000e-08	1.48703307e+06	3	-3.75000000e-01	4.39170000e-09	-8.53883462e+07
6.52905093e+02	2023-06-05T11:58:40.476836	-1.00000000e-01	-4.30200000e-08	2.32450023e+06	3	-3.50000000e-01	4.77880000e-09	-7.32401440e+07
6.53214423e+02	2023-06-05T11:58:40.785942	-1.00000000e-01	-2.77620000e-08	3.60204596e+06	3	-3.25000000e-01	4.35540000e-09	-7.46200119e+07
6.53511647e+02	2023-06-05T11:58:41.083384	-1.00000000e-01	-1.28890000e-08	7.75855381e+06	3	-3.00000000e-01	4.90780000e-09	-6.11271853e+07
6.53813225e+02	2023-06-05T11:58:41.384779	-1.00000000e-01	-8.62390000e-09	1.15956818e+07	3	-2.75000000e-01	5.73360000e-09	-4.79628854e+07
6.54107892e+02	2023-06-05T11:58:41.678985	-1.00000000e-01	-4.41380000e-09	2.26562146e+07	3	-2.50000000e-01	5.62740000e-09	-4.44254896e+07
6.54412079e+02	2023-06-05T11:58:41.983772	-1.00000000e-01	-5.12360000e-09	1.95175267e+07	3	-2.25000000e-01	6.08440000e-09	-3.69798172e+07
6.54712052e+02	2023-06-05T11:58:42.283067	-1.00000000e-01	-2.31630000e-09	4.31723007e+07	3	-2.00000000e-01	4.94690000e-09	-4.04293598e+07
6.55300661e+02	2023-06-05T11:58:42.871733	-1.00000000e-01	-2.19840000e-09	4.54876274e+07	3	-1.75000000e-01	4.75900000e-09	-3.67724312e+07
6.55635558e+02	2023-06-05T11:58:43.207286	-1.00000000e-01	-1.91760000e-09	5.21485190e+07	3	-1.50000000e-01	3.19600000e-09	-4.69336671e+07
6.56366963e+02	2023-06-05T11:58:43.938780	-1.00000000e-01	-9.53900000e-10	1.04832792e+08	3	-1.25000000e-01	3.62870000e-09	-3.44475983e+07
6.56713012e+02	2023-06-05T11:58:44.284167	-1.00000000e-01	-1.47830000e-09	6.76452682e+07	3	-1.00000000e-01	3.82830000e-09	-2.61212549e+07
6.57042397e+02	2023-06-05T11:58:44.613759	-1.00000000e-01	-2.36840000e-09	4.22225975e+07	3	-7.50000000e-02	3.10240000e-09	-2.41748324e+07
6.57382575e+02	2023-06-05T11:58:44.953485	-1.00000000e-01	-1.72260000e-09	5.80517822e+07	3	-5.00000000e-02	3.28900000e-09	-1.52021891e+07
6.57733972e+02	2023-06-05T11:58:45.305050	-1.00000000e-01	-1.34820000e-09	7.41729714e+07	3	-2.50000000e-02	2.11450000e-09	-1.18231260e+07
6.58446091e+02	2023-06-05T11:58:46.017847	-1.00000000e-01	-1.88980000e-09	5.29156524e+07	3	0.00000000e+00	1.64650000e-09	0.00000000e+00
6.59318109e+02	2023-06-05T11:58:46.889211	-1.00000000e-01	-1.63540000e-09	6.11471200e+07	3	2.50000000e-02	2.23880000e-09	1.11666964e+07
6.59652501e+02	2023-06-05T11:58:47.223671	-1.00000000e-01	-9.68920000e-10	1.03207695e+08	3	5.00000000e-02	1.00090000e-09	4.99550405e+07
6.60925318e+02	2023-06-05T11:58:48.496357	-1.00000000e-01	-9.48120000e-09	1.05471881e+07	3	7.50000000e-02	1.85320000e-09	4.04705374e+07
6.61759668e+02	2023-06-05T11:58:49.331254	-1.00000000e-01	-1.80400000e-09	5.54323725e+07	3	1.00000000e-01	2.32130000e-09	4.30793090e+07
6.62594027e+02	2023-06-05T11:58:50.165220	-1.00000000e-01	-1.66400000e-09	6.00961538e+07	3	1.25000000e-01	2.46960000e-09	5.06154843e+07
6.62892006e+02	2023-06-05T11:58:50.463188	-1.00000000e-01	-1.61540000e-09	6.19041723e+07	3	1.50000000e-01	3.45960000e-09	4.33576136e+07
6.63205718e+02	2023-06-05T11:58:50.777584	-1.00000000e-01	-2.46700000e-09	4.05350628e+07	3	1.75000000e-01	2.73770000e-09	6.39222705e+07
6.63540235e+02	2023-06-05T11:58:51.111617	-1.00000000e-01	-1.77330000e-09	5.63920374e+07	3	2.00000000e-01	3.79900000e-09	5.26454330e+07
6.63870619e+02	2023-06-05T11:58:51.441816	-1.00000000e-01	-2.20910000e-09	4.52673034e+07	3	2.25000000e-01	3.05980000e-09	7.35342179e+07
6.64733307e+02	2023-06-05T11:58:52.304717	-1.00000000e-01	-2.20410000e-09	4.53699923e+07	3	2.50000000e-01	4.20910000e-09	5.93951201e+07
6.65087343e+02	2023-06-05T11:58:52.659323	-1.00000000e-01	-2.08840000e-09	4.78835472e+07	3	2.75000000e-01	3.60750000e-09	7.62300762e+07
6.65941265e+02	2023-06-05T11:58:53.512433	-1.00000000e-01	-2.68990000e-09	3.71761032e+07	3	3.00000000e-01	3.42330000e-09	8.76347384e+07
6.66279070e+02	2023-06-05T11:58:53.850414	-1.00000000e-01	-1.89480000e-09	5.27760186e+07	3	3.25000000e-01	4.05820000e-09	8.00847666e+07
6.67142116e+02	2023-06-05T11:58:54.713876	-1.00000000e-01	-3.12290000e-09	3.20215185e+07	3	3.50000000e-01	3.97990000e-09	8.79419081e+07
6.67472123e+02	2023-06-05T11:58:55.043331	-1.00000000e-01	-2.55420000e-09	3.91512019e+07	3	3.75000000e-01	5.61340000e-09	6.68044323e+07
6.67819407e+02	2023-06-05T11:58:55.390451	-1.00000000e-01	-2.37200000e-09	4.21585160e+07	3	4.00000000e-01	6.66220000e-09	6.00402270e+07
6.68150924e+02	2023-06-05T11:58:55.722082	-1.00000000e-01	-4.07590000e-09	2.45344586e+07	3	4.25000000e-01	6.58950000e-09	6.44965475e+07
6.68486401e+02	2023-06-05T11:58:56.057636	-1.00000000e-01	-4.79820000e-09	2.08411488e+07	3	4.50000000e-01	7.06010000e-09	6.37384740e+07
6.68816944e+02	2023-06-05T11:58:56.388775	-1.00000000e-01	-4.09800000e-09	2.44021474e+07	3	4.75000000e-01	7.80360000e-09	6.08693424e+07
6.69140976e+02	2023-06-05T11:58:56.712108	-1.00000000e-01	-4.96030000e-09	2.01600710e+07	3	5.00000000e-01	1.22340000e-08	4.08697074e+07
6.69493008e+02	2023-06-05T11:58:57.064886	-1.00000000e-01	-6.44350000e-09	1.55195158e+07	3	5.25000000e-01	1.21640000e-08	4.31601447e+07
6.69809387e+02	2023-06-05T11:58:57.380427	-1.00000000e-01	-5.74120000e-09	1.74179614e+07	3	5.50000000e-01	9.53200000e-09	5.77003777e+07
6.70178137e+02	2023-06-05T11:58:57.749939	-1.00000000e-01	-4.28310000e-09	2.33475754e+07	3	5.75000000e-01	1.30320000e-08	4.41221608e+07
6.70487185e+02	2023-06-05T11:58:58.058465	-1.00000000e-01	-6.00270000e-09	1.66591700e+07	3	6.00000000e-01	1.42900000e-08	4.19874038e+07
6.70824191e+02	2023-06-05T11:58:58.396114	-1.00000000e-01	-9.78800000e-09	1.02165917e+07	3	6.25000000e-01	1.20880000e-08	5.17041694e+07
6.71122906e+02	2023-06-05T11:58:58.694063	-1.00000000e-01	-3.03280000e-09	3.29728304e+07	3	6.50000000e-01	1.41250000e-08	4.60176991e+07
6.71411056e+02	2023-06-05T11:58:58.982798	-1.00000000e-01	-5.65330000e-09	1.76887835e+07	3	6.75000000e-01	1.36020000e-08	4.96250551e+07
6.71782467e+02	2023-06-05T11:58:59.354328	-1.00000000e-01	-8.93540000e-09	1.11914408e+07	3	7.00000000e-01	1.13210000e-08	6.18319936e+07
6.72082311e+02	2023-06-05T11:58:59.653849	-1.00000000e-01	-5.94130000e-09	1.68313332e+07	3	7.25000000e-01	1.29180000e-08	5.61232389e+07
6.72431268e+02	2023-06-05T11:59:00.002530	-1.00000000e-01	-5.46690000e-09	1.82919022e+07	3	7.50000000e-01	1.05740000e-08	7.09286930e+07
6.72803139e+02	2023-06-05T11:59:00.374523	-1.00000000e-01	-3.92870000e-09	2.54537124e+07	3	7.75000000e-01	1.32120000e-08	5.86587950e+07
6.73118270e+02	2023-06-05T11:59:00.690142	-1.00000000e-01	-3.62510000e-09	2.75854459e+07	3	8.00000000e-01	1.15380000e-08	6.93361068e+07
6.73439322e+02	2023-06-05T11:59:01.010922	-1.00000000e-01	-6.01340000e-09	1.66295274e+07	3	8.25000000e-01	1.25920000e-08	6.55177891e+07
6.73776075e+02	2023-06-05T11:59:01.347858	-1.00000000e-01	-4.73240000e-09	2.11309272e+07	3	8.50000000e-01	9.50000000e-09	8.94736842e+07
6.74100976e+02	2023-06-05T11:59:01.672684	-1.00000000e-01	-4.18380000e-09	2.39017161e+07	3	8.75000000e-01	1.19400000e-08	7.32830821e+07
6.74452644e+02	2023-06-05T11:59:02.023822	-1.00000000e-01	-5.23330000e-09	1.91084020e+07	3	9.00000000e-01	1.05860000e-08	8.50179482e+07
6.74774218e+02	2023-06-05T11:59:02.345504	-1.00000000e-01	-4.74030000e-09	2.10957112e+07	3	9.25000000e-01	7.45980000e-09	1.23997962e+08
6.75117802e+02	2023-06-05T11:59:02.689340	-1.00000000e-01	-3.48440000e-09	2.86993457e+07	3	9.50000000e-01	7.47120000e-09	1.27154942e+08
6.75448084e+02	2023-06-05T11:59:03.019537	-1.00000000e-01	-3.37360000e-09	2.96419255e+07	3	9.75000000e-01	8.02950000e-09	1.21427237e+08
6.75776915e+02	2023-06-05T11:59:03.348793	-1.00000000e-01	-4.58460000e-09	2.18121537e+07	3	1.00000000e+00	7.66480000e-09	1.30466548e+08