Time elapsed	Time stamp	trans_drain Voltage	trans_drain Current	trans_drain Resistance	Loop1 Index	trans_gate Voltage	trans_gate Current	trans_gate Resistance
s		V	A	V/A		V	A	V/A

5.26953619e+02	2023-06-05T11:00:45.519847	-1.00000000e-01	-1.74470000e-09	5.73164441e+07	1	1.00000000e+00	4.94300000e-10	2.02306292e+09
5.27704386e+02	2023-06-05T11:00:46.270121	-1.00000000e-01	3.20890000e-10	-3.11633270e+08	1	9.75000000e-01	1.19700000e-09	8.14536341e+08
5.28656278e+02	2023-06-05T11:00:47.222827	-1.00000000e-01	-8.12250000e-10	1.23114805e+08	1	9.50000000e-01	2.05860000e-09	4.61478675e+08
5.28944759e+02	2023-06-05T11:00:47.511240	-1.00000000e-01	-1.02250000e-09	9.77995110e+07	1	9.25000000e-01	-1.53320000e-09	-6.03313332e+08
5.29366403e+02	2023-06-05T11:00:47.932046	-1.00000000e-01	1.11230000e-09	-8.99038029e+07	1	9.00000000e-01	9.80500000e-10	9.17899031e+08
5.29700473e+02	2023-06-05T11:00:48.266918	-1.00000000e-01	1.48370000e-09	-6.73990699e+07	1	8.75000000e-01	-2.12590000e-09	-4.11590385e+08
5.30032691e+02	2023-06-05T11:00:48.598366	-1.00000000e-01	4.46770000e-10	-2.23828816e+08	1	8.50000000e-01	-5.33950000e-10	-1.59190935e+09
5.30777373e+02	2023-06-05T11:00:49.343713	-1.00000000e-01	2.04400000e-09	-4.89236791e+07	1	8.25000000e-01	-8.81420000e-09	-9.35989653e+07
5.31394582e+02	2023-06-05T11:00:49.961014	-1.00000000e-01	5.92370000e-10	-1.68813411e+08	1	8.00000000e-01	-6.41570000e-10	-1.24694110e+09
5.32101065e+02	2023-06-05T11:00:50.667012	-1.00000000e-01	1.80460000e-09	-5.54139421e+07	1	7.75000000e-01	-3.32020000e-10	-2.33419674e+09
5.33050585e+02	2023-06-05T11:00:51.617185	-1.00000000e-01	1.41870000e-09	-7.04870656e+07	1	7.50000000e-01	-6.44930000e-10	-1.16291691e+09
5.33750700e+02	2023-06-05T11:00:52.316645	-1.00000000e-01	2.29820000e-09	-4.35123140e+07	1	7.25000000e-01	-8.64480000e-10	-8.38654451e+08
5.34458353e+02	2023-06-05T11:00:53.024805	-1.00000000e-01	1.94380000e-09	-5.14456220e+07	1	7.00000000e-01	-1.85060000e-09	-3.78255701e+08
5.34855583e+02	2023-06-05T11:00:53.421567	-1.00000000e-01	1.68950000e-09	-5.91891092e+07	1	6.75000000e-01	-2.86080000e-09	-2.35947987e+08
5.35197941e+02	2023-06-05T11:00:53.764207	-1.00000000e-01	9.07220000e-10	-1.10226847e+08	1	6.50000000e-01	-1.97840000e-09	-3.28548322e+08
5.35806898e+02	2023-06-05T11:00:54.372591	-1.00000000e-01	5.07760000e-09	-1.96943438e+07	1	6.25000000e-01	-2.16560000e-09	-2.88603620e+08
5.36635033e+02	2023-06-05T11:00:55.201455	-1.00000000e-01	2.02330000e-09	-4.94242080e+07	1	6.00000000e-01	-1.73950000e-09	-3.44926703e+08
5.36931881e+02	2023-06-05T11:00:55.498102	-1.00000000e-01	2.22320000e-09	-4.49802087e+07	1	5.75000000e-01	-1.25170000e-09	-4.59375250e+08
5.37254552e+02	2023-06-05T11:00:55.820883	-1.00000000e-01	2.62820000e-09	-3.80488547e+07	1	5.50000000e-01	-3.93950000e-09	-1.39611626e+08
5.37599745e+02	2023-06-05T11:00:56.165596	-1.00000000e-01	8.70600000e-10	-1.14863313e+08	1	5.25000000e-01	-9.08300000e-09	-5.78002862e+07
5.38207117e+02	2023-06-05T11:00:56.773396	-1.00000000e-01	1.31090000e-09	-7.62834694e+07	1	5.00000000e-01	-2.06920000e-09	-2.41639281e+08
5.39162478e+02	2023-06-05T11:00:57.728362	-1.00000000e-01	2.63680000e-09	-3.79247573e+07	1	4.75000000e-01	-3.43860000e-09	-1.38137614e+08
5.39462762e+02	2023-06-05T11:00:58.029312	-1.00000000e-01	1.52310000e-09	-6.56555709e+07	1	4.50000000e-01	-3.31210000e-09	-1.35865463e+08
5.40187382e+02	2023-06-05T11:00:58.753680	-1.00000000e-01	2.34890000e-09	-4.25731193e+07	1	4.25000000e-01	-3.01450000e-09	-1.40985238e+08
5.40533626e+02	2023-06-05T11:00:59.100056	-1.00000000e-01	5.47590000e-10	-1.82618382e+08	1	4.00000000e-01	-1.68430000e-09	-2.37487383e+08
5.41662232e+02	2023-06-05T11:01:00.228207	-1.00000000e-01	5.77500000e-10	-1.73160173e+08	1	3.75000000e-01	-2.61080000e-09	-1.43634135e+08
5.42710629e+02	2023-06-05T11:01:01.276722	-1.00000000e-01	8.21130000e-09	-1.21783396e+07	1	3.50000000e-01	-2.69800000e-09	-1.29725723e+08
5.43546938e+02	2023-06-05T11:01:02.113418	-1.00000000e-01	1.45600000e-09	-6.86813187e+07	1	3.25000000e-01	-3.33030000e-09	-9.75888058e+07
5.43846667e+02	2023-06-05T11:01:02.412390	-1.00000000e-01	1.56100000e-09	-6.40614990e+07	1	3.00000000e-01	-3.27370000e-09	-9.16394294e+07
5.44152937e+02	2023-06-05T11:01:02.719410	-1.00000000e-01	2.41460000e-09	-4.14147271e+07	1	2.75000000e-01	-2.20330000e-09	-1.24812781e+08
5.44472998e+02	2023-06-05T11:01:03.039341	-1.00000000e-01	5.90050000e-10	-1.69477163e+08	1	2.50000000e-01	-1.66960000e-09	-1.49736464e+08
5.45644753e+02	2023-06-05T11:01:04.210745	-1.00000000e-01	4.23180000e-10	-2.36306064e+08	1	2.25000000e-01	-1.33840000e-09	-1.68111178e+08
5.47197164e+02	2023-06-05T11:01:05.763499	-1.00000000e-01	3.90100000e-10	-2.56344527e+08	1	2.00000000e-01	-1.51930000e-09	-1.31639571e+08
5.48888082e+02	2023-06-05T11:01:07.454453	-1.00000000e-01	4.08600000e-10	-2.44738130e+08	1	1.75000000e-01	-2.24110000e-09	-7.80866539e+07
5.50554836e+02	2023-06-05T11:01:09.120835	-1.00000000e-01	7.43440000e-10	-1.34509846e+08	1	1.50000000e-01	-6.70350000e-09	-2.23763706e+07
5.51584709e+02	2023-06-05T11:01:10.150719	-1.00000000e-01	2.04830000e-09	-4.88209735e+07	1	1.25000000e-01	-8.53630000e-09	-1.46433466e+07
5.52213082e+02	2023-06-05T11:01:10.779499	-1.00000000e-01	8.57520000e-10	-1.16615356e+08	1	1.00000000e-01	-2.63440000e-09	-3.79593076e+07
5.52823985e+02	2023-06-05T11:01:11.390034	-1.00000000e-01	1.81030000e-09	-5.52394631e+07	1	7.50000000e-02	-2.42060000e-09	-3.09840535e+07
5.53473865e+02	2023-06-05T11:01:12.040645	-1.00000000e-01	1.75660000e-09	-5.69281567e+07	1	5.00000000e-02	-2.73500000e-09	-1.82815356e+07
5.54190099e+02	2023-06-05T11:01:12.756432	-1.00000000e-01	8.76540000e-10	-1.14084925e+08	1	2.50000000e-02	-2.44020000e-09	-1.02450619e+07
5.54832185e+02	2023-06-05T11:01:13.398221	-1.00000000e-01	1.78250000e-09	-5.61009818e+07	1	0.00000000e+00	-2.37170000e-09	-0.00000000e+00
5.55673952e+02	2023-06-05T11:01:14.240090	-1.00000000e-01	1.17020000e-09	-8.54554777e+07	1	-2.50000000e-02	-2.63390000e-09	9.49162838e+06
5.55986787e+02	2023-06-05T11:01:14.552883	-1.00000000e-01	8.62150000e-10	-1.15989097e+08	1	-5.00000000e-02	-3.34360000e-09	1.49539419e+07
5.56550123e+02	2023-06-05T11:01:15.116933	-1.00000000e-01	-1.03390000e-09	9.67211529e+07	1	-7.50000000e-02	-2.64210000e-09	2.83865107e+07
5.57156624e+02	2023-06-05T11:01:15.723424	-1.00000000e-01	-2.46060000e-09	4.06404942e+07	1	-1.00000000e-01	-5.24820000e-09	1.90541519e+07
5.57455642e+02	2023-06-05T11:01:16.022189	-1.00000000e-01	-6.64040000e-09	1.50593338e+07	1	-1.25000000e-01	-3.57340000e-09	3.49806907e+07
5.57756678e+02	2023-06-05T11:01:16.322770	-1.00000000e-01	2.19960000e-09	-4.54628114e+07	1	-1.50000000e-01	-3.52360000e-09	4.25700988e+07
5.58060028e+02	2023-06-05T11:01:16.626021	-1.00000000e-01	-1.85110000e-08	5.40219329e+06	1	-1.75000000e-01	-3.77880000e-09	4.63109982e+07
5.58376840e+02	2023-06-05T11:01:16.943370	-1.00000000e-01	-3.03210000e-08	3.29804426e+06	1	-2.00000000e-01	-3.11300000e-09	6.42467074e+07
5.58669912e+02	2023-06-05T11:01:17.235904	-1.00000000e-01	-3.90240000e-08	2.56252563e+06	1	-2.25000000e-01	-1.68000000e-09	1.33928571e+08
5.58975413e+02	2023-06-05T11:01:17.541264	-1.00000000e-01	-5.90480000e-08	1.69353746e+06	1	-2.50000000e-01	-3.01170000e-09	8.30095959e+07
5.59266003e+02	2023-06-05T11:01:17.832347	-1.00000000e-01	-7.92360000e-08	1.26205260e+06	1	-2.75000000e-01	-2.41010000e-09	1.14103149e+08
5.59579213e+02	2023-06-05T11:01:18.145556	-1.00000000e-01	-1.02260000e-07	9.77899472e+05	1	-3.00000000e-01	-2.49680000e-09	1.20153797e+08
5.60422741e+02	2023-06-05T11:01:18.989388	-1.00000000e-01	-1.46860000e-07	6.80920605e+05	1	-3.25000000e-01	-2.24940000e-09	1.44482973e+08
5.60719391e+02	2023-06-05T11:01:19.285355	-1.00000000e-01	-1.87480000e-07	5.33390228e+05	1	-3.50000000e-01	-4.44680000e-09	7.87082846e+07
5.61026960e+02	2023-06-05T11:01:19.593546	-1.00000000e-01	-2.37430000e-07	4.21176768e+05	1	-3.75000000e-01	-4.23860000e-09	8.84726089e+07
5.61324709e+02	2023-06-05T11:01:19.890714	-1.00000000e-01	-2.97830000e-07	3.35762012e+05	1	-4.00000000e-01	-4.03250000e-09	9.91940484e+07
5.61631787e+02	2023-06-05T11:01:20.197986	-1.00000000e-01	-3.62080000e-07	2.76182059e+05	1	-4.25000000e-01	-2.89010000e-09	1.47053735e+08
5.61951216e+02	2023-06-05T11:01:20.517062	-1.00000000e-01	-4.28810000e-07	2.33203517e+05	1	-4.50000000e-01	-2.97820000e-09	1.51097979e+08
5.62763006e+02	2023-06-05T11:01:21.328840	-1.00000000e-01	-5.47060000e-07	1.82795306e+05	1	-4.75000000e-01	-2.61420000e-09	1.81699946e+08
5.63062057e+02	2023-06-05T11:01:21.628757	-1.00000000e-01	-6.35740000e-07	1.57297008e+05	1	-5.00000000e-01	-4.07370000e-09	1.22738542e+08
5.63367978e+02	2023-06-05T11:01:21.934531	-1.00000000e-01	-7.48050000e-07	1.33680904e+05	1	-5.25000000e-01	-3.70760000e-09	1.41601036e+08
5.63661925e+02	2023-06-05T11:01:22.228675	-1.00000000e-01	-8.82490000e-07	1.13315732e+05	1	-5.50000000e-01	-4.37970000e-09	1.25579378e+08
5.63959438e+02	2023-06-05T11:01:22.526296	-1.00000000e-01	-1.02600000e-06	9.74658869e+04	1	-5.75000000e-01	-1.03030000e-08	5.58089877e+07
5.64259628e+02	2023-06-05T11:01:22.826280	-1.00000000e-01	-1.18800000e-06	8.41750842e+04	1	-6.00000000e-01	-2.76580000e-09	2.16935426e+08
5.65090100e+02	2023-06-05T11:01:23.656551	-1.00000000e-01	-1.42680000e-06	7.00869078e+04	1	-6.25000000e-01	-3.53080000e-09	1.77013708e+08
5.65391631e+02	2023-06-05T11:01:23.957563	-1.00000000e-01	-1.64940000e-06	6.06281072e+04	1	-6.50000000e-01	-2.43810000e-09	2.66601042e+08
5.65675807e+02	2023-06-05T11:01:24.242023	-1.00000000e-01	-1.86870000e-06	5.35131375e+04	1	-6.75000000e-01	-9.60700000e-09	7.02612678e+07
5.65965316e+02	2023-06-05T11:01:24.531513	-1.00000000e-01	-2.13970000e-06	4.67355237e+04	1	-7.00000000e-01	-4.02920000e-09	1.73731758e+08
5.66276689e+02	2023-06-05T11:01:24.842931	-1.00000000e-01	-2.45390000e-06	4.07514569e+04	1	-7.25000000e-01	-3.52800000e-09	2.05498866e+08
5.66556651e+02	2023-06-05T11:01:25.122701	-1.00000000e-01	-2.73140000e-06	3.66112616e+04	1	-7.50000000e-01	-1.02070000e-08	7.34789850e+07
5.66845673e+02	2023-06-05T11:01:25.411976	-1.00000000e-01	-3.05550000e-06	3.27278678e+04	1	-7.75000000e-01	-4.08910000e-09	1.89528258e+08
5.67137822e+02	2023-06-05T11:01:25.704472	-1.00000000e-01	-3.40700000e-06	2.93513355e+04	1	-8.00000000e-01	-1.00670000e-08	7.94675673e+07
5.67423948e+02	2023-06-05T11:01:25.990242	-1.00000000e-01	-3.70770000e-06	2.69708984e+04	1	-8.25000000e-01	-3.92280000e-09	2.10308963e+08
5.67727999e+02	2023-06-05T11:01:26.294496	-1.00000000e-01	-4.05120000e-06	2.46840442e+04	1	-8.50000000e-01	-3.76910000e-09	2.25518028e+08
5.68053693e+02	2023-06-05T11:01:26.620434	-1.00000000e-01	-4.27680000e-06	2.33819678e+04	1	-8.75000000e-01	-3.62370000e-09	2.41465905e+08
5.68356927e+02	2023-06-05T11:01:26.923707	-1.00000000e-01	-4.64780000e-06	2.15155557e+04	1	-9.00000000e-01	-3.67680000e-09	2.44778068e+08
5.68653427e+02	2023-06-05T11:01:27.219717	-1.00000000e-01	-4.87810000e-06	2.04997848e+04	1	-9.25000000e-01	-4.30220000e-09	2.15006276e+08
5.68944664e+02	2023-06-05T11:01:27.510912	-1.00000000e-01	-5.17040000e-06	1.93408634e+04	1	-9.50000000e-01	-4.48870000e-09	2.11642569e+08
5.69258989e+02	2023-06-05T11:01:27.825806	-1.00000000e-01	-5.38270000e-06	1.85780370e+04	1	-9.75000000e-01	-3.58880000e-09	2.71678556e+08
5.69540846e+02	2023-06-05T11:01:28.107536	-1.00000000e-01	-5.58830000e-06	1.78945296e+04	1	-1.00000000e+00	-4.51060000e-09	2.21699996e+08
5.69822057e+02	2023-06-05T11:01:28.388667	-1.00000000e-01	-5.63500000e-06	1.77462289e+04	1	-1.00000000e+00	-3.37640000e-09	2.96173439e+08
5.70111075e+02	2023-06-05T11:01:28.677708	-1.00000000e-01	-5.46020000e-06	1.83143475e+04	1	-9.75000000e-01	-1.61580000e-09	6.03416264e+08
5.70397855e+02	2023-06-05T11:01:28.963824	-1.00000000e-01	-5.27300000e-06	1.89645363e+04	1	-9.50000000e-01	-9.03200000e-10	1.05181577e+09
5.70696960e+02	2023-06-05T11:01:29.263244	-1.00000000e-01	-5.05560000e-06	1.97800459e+04	1	-9.25000000e-01	-7.28280000e-10	1.27011589e+09
5.71398430e+02	2023-06-05T11:01:29.964500	-1.00000000e-01	-4.75170000e-06	2.10450996e+04	1	-9.00000000e-01	-5.29040000e-10	1.70119462e+09
5.72114479e+02	2023-06-05T11:01:30.681326	-1.00000000e-01	-4.46200000e-06	2.24114747e+04	1	-8.75000000e-01	-1.35380000e-10	6.46328852e+09
5.72805747e+02	2023-06-05T11:01:31.371759	-1.00000000e-01	-4.09740000e-06	2.44057207e+04	1	-8.50000000e-01	5.85400000e-11	-1.45199863e+10
5.73384338e+02	2023-06-05T11:01:31.950318	-1.00000000e-01	-3.80700000e-06	2.62674022e+04	1	-8.25000000e-01	6.56900000e-11	-1.25589892e+10
5.74079722e+02	2023-06-05T11:01:32.646575	-1.00000000e-01	-3.52250000e-06	2.83889283e+04	1	-8.00000000e-01	3.37280000e-10	-2.37191651e+09
5.74679133e+02	2023-06-05T11:01:33.245348	-1.00000000e-01	-3.17980000e-06	3.14485188e+04	1	-7.75000000e-01	7.34900000e-11	-1.05456525e+10
5.76029991e+02	2023-06-05T11:01:34.596208	-1.00000000e-01	-1.96220000e-06	5.09632046e+04	1	-7.50000000e-01	4.93130000e-10	-1.52089713e+09
5.76614080e+02	2023-06-05T11:01:35.180241	-1.00000000e-01	-1.79770000e-06	5.56266340e+04	1	-7.25000000e-01	4.92780000e-10	-1.47124477e+09
5.77310805e+02	2023-06-05T11:01:35.877612	-1.00000000e-01	-1.62540000e-06	6.15233173e+04	1	-7.00000000e-01	1.48580000e-09	-4.71126666e+08
5.77611896e+02	2023-06-05T11:01:36.178533	-1.00000000e-01	-1.49070000e-06	6.70825787e+04	1	-6.75000000e-01	9.01600000e-10	-7.48669033e+08
5.77919376e+02	2023-06-05T11:01:36.485455	-1.00000000e-01	-1.34160000e-06	7.45378652e+04	1	-6.50000000e-01	2.01740000e-09	-3.22196887e+08
5.78214512e+02	2023-06-05T11:01:36.781380	-1.00000000e-01	-1.21190000e-06	8.25150590e+04	1	-6.25000000e-01	1.22300000e-09	-5.11038430e+08
5.78508685e+02	2023-06-05T11:01:37.075486	-1.00000000e-01	-1.09380000e-06	9.14243920e+04	1	-6.00000000e-01	4.87020000e-10	-1.23198226e+09
5.79740677e+02	2023-06-05T11:01:38.307572	-1.00000000e-01	-8.85630000e-07	1.12913971e+05	1	-5.75000000e-01	-9.99000000e-09	5.75575576e+07
5.80026342e+02	2023-06-05T11:01:38.593171	-1.00000000e-01	-7.90160000e-07	1.26556647e+05	1	-5.50000000e-01	5.26200000e-10	-1.04522995e+09
5.81397982e+02	2023-06-05T11:01:39.964622	-1.00000000e-01	-6.31690000e-07	1.58305498e+05	1	-5.25000000e-01	2.56300000e-09	-2.04838080e+08
5.81694408e+02	2023-06-05T11:01:40.260696	-1.00000000e-01	-5.56920000e-07	1.79559003e+05	1	-5.00000000e-01	2.49110000e-09	-2.00714544e+08
5.81996423e+02	2023-06-05T11:01:40.563080	-1.00000000e-01	-4.82620000e-07	2.07202354e+05	1	-4.75000000e-01	1.12170000e-09	-4.23464384e+08
5.82295205e+02	2023-06-05T11:01:40.862052	-1.00000000e-01	-4.13210000e-07	2.42007696e+05	1	-4.50000000e-01	2.21160000e-09	-2.03472599e+08
5.82595304e+02	2023-06-05T11:01:41.162189	-1.00000000e-01	-3.56990000e-07	2.80119891e+05	1	-4.25000000e-01	3.29310000e-09	-1.29057727e+08
5.82900594e+02	2023-06-05T11:01:41.466784	-1.00000000e-01	-3.10360000e-07	3.22206470e+05	1	-4.00000000e-01	3.23600000e-09	-1.23609394e+08
5.83208782e+02	2023-06-05T11:01:41.775204	-1.00000000e-01	-2.53030000e-07	3.95210054e+05	1	-3.75000000e-01	2.77050000e-09	-1.35354629e+08
5.83505975e+02	2023-06-05T11:01:42.072943	-1.00000000e-01	-1.98510000e-07	5.03752960e+05	1	-3.50000000e-01	4.23980000e-09	-8.25510637e+07
5.83807323e+02	2023-06-05T11:01:42.373370	-1.00000000e-01	-1.56980000e-07	6.37023825e+05	1	-3.25000000e-01	4.17070000e-09	-7.79245690e+07
5.84103920e+02	2023-06-05T11:01:42.670561	-1.00000000e-01	-1.18070000e-07	8.46955196e+05	1	-3.00000000e-01	3.42660000e-09	-8.75503414e+07
5.84938201e+02	2023-06-05T11:01:43.505061	-1.00000000e-01	-7.23610000e-08	1.38195990e+06	1	-2.75000000e-01	3.61590000e-09	-7.60529882e+07
5.85231170e+02	2023-06-05T11:01:43.797718	-1.00000000e-01	-5.28460000e-08	1.89229081e+06	1	-2.50000000e-01	2.58000000e-09	-9.68992248e+07
5.85545020e+02	2023-06-05T11:01:44.111082	-1.00000000e-01	-3.65560000e-08	2.73552905e+06	1	-2.25000000e-01	3.69650000e-09	-6.08683890e+07
5.85836990e+02	2023-06-05T11:01:44.403814	-1.00000000e-01	-2.60710000e-08	3.83567949e+06	1	-2.00000000e-01	9.26400000e-09	-2.15889465e+07
5.86129784e+02	2023-06-05T11:01:44.696284	-1.00000000e-01	-1.60750000e-08	6.22083981e+06	1	-1.75000000e-01	2.01110000e-09	-8.70170553e+07
5.86434298e+02	2023-06-05T11:01:45.001143	-1.00000000e-01	-9.80130000e-09	1.02027282e+07	1	-1.50000000e-01	2.35900000e-09	-6.35862654e+07
5.86739001e+02	2023-06-05T11:01:45.305949	-1.00000000e-01	-5.37610000e-09	1.86008445e+07	1	-1.25000000e-01	2.99690000e-09	-4.17097668e+07
5.87562058e+02	2023-06-05T11:01:46.129008	-1.00000000e-01	-3.92590000e-09	2.54718663e+07	1	-1.00000000e-01	1.74770000e-09	-5.72180580e+07
5.87864068e+02	2023-06-05T11:01:46.430674	-1.00000000e-01	-2.70990000e-09	3.69017307e+07	1	-7.50000000e-02	3.57400000e-09	-2.09848909e+07
5.88700470e+02	2023-06-05T11:01:47.266983	-1.00000000e-01	-1.77470000e-09	5.63475517e+07	1	-5.00000000e-02	2.12780000e-09	-2.34984491e+07
5.89005315e+02	2023-06-05T11:01:47.571484	-1.00000000e-01	-5.92520000e-10	1.68770674e+08	1	-2.50000000e-02	1.09160000e-09	-2.29021620e+07
5.89943922e+02	2023-06-05T11:01:48.510684	-1.00000000e-01	-1.28250000e-09	7.79727096e+07	1	0.00000000e+00	2.76910000e-09	0.00000000e+00
5.90781971e+02	2023-06-05T11:01:49.348778	-1.00000000e-01	-1.07820000e-09	9.27471712e+07	1	2.50000000e-02	2.68060000e-09	9.32627024e+06
5.91086959e+02	2023-06-05T11:01:49.653513	-1.00000000e-01	-1.05180000e-09	9.50751093e+07	1	5.00000000e-02	2.10340000e-09	2.37710374e+07
5.91484057e+02	2023-06-05T11:01:50.050444	-1.00000000e-01	-1.44050000e-09	6.94203402e+07	1	7.50000000e-02	3.31060000e-09	2.26545037e+07
5.92320476e+02	2023-06-05T11:01:50.886997	-1.00000000e-01	-8.76390000e-10	1.14104451e+08	1	1.00000000e-01	3.38770000e-09	2.95185524e+07
5.92614213e+02	2023-06-05T11:01:51.180602	-1.00000000e-01	-9.20300000e-10	1.08660219e+08	1	1.25000000e-01	2.19200000e-09	5.70255474e+07
5.93469206e+02	2023-06-05T11:01:52.036034	-1.00000000e-01	-1.65620000e-09	6.03791813e+07	1	1.50000000e-01	3.32670000e-09	4.50897286e+07
5.94305948e+02	2023-06-05T11:01:52.872698	-1.00000000e-01	-9.81300000e-10	1.01905635e+08	1	1.75000000e-01	3.40070000e-09	5.14599935e+07
5.94605229e+02	2023-06-05T11:01:53.172081	-1.00000000e-01	-1.07250000e-09	9.32400932e+07	1	2.00000000e-01	1.75470000e-09	1.13979598e+08
5.95447429e+02	2023-06-05T11:01:54.013788	-1.00000000e-01	-1.79260000e-09	5.57848935e+07	1	2.25000000e-01	4.94060000e-09	4.55410274e+07
5.96273346e+02	2023-06-05T11:01:54.840171	-1.00000000e-01	-2.48840000e-09	4.01864652e+07	1	2.50000000e-01	2.91940000e-09	8.56340344e+07
5.96576095e+02	2023-06-05T11:01:55.142699	-1.00000000e-01	-2.10840000e-09	4.74293303e+07	1	2.75000000e-01	3.53980000e-09	7.76880050e+07
5.97266933e+02	2023-06-05T11:01:55.833819	-1.00000000e-01	-1.74400000e-09	5.73394495e+07	1	3.00000000e-01	3.41960000e-09	8.77295590e+07
5.97605155e+02	2023-06-05T11:01:56.172132	-1.00000000e-01	-3.75500000e-10	2.66311585e+08	1	3.25000000e-01	9.02700000e-09	3.60031018e+07
5.98231318e+02	2023-06-05T11:01:56.797427	-1.00000000e-01	-4.94610000e-10	2.02179495e+08	1	3.50000000e-01	2.23260000e-09	1.56767894e+08
5.99648504e+02	2023-06-05T11:01:58.214949	-1.00000000e-01	-6.40660000e-10	1.56089033e+08	1	3.75000000e-01	2.18990000e-09	1.71240696e+08
6.00679480e+02	2023-06-05T11:01:59.246420	-1.00000000e-01	-2.13270000e-09	4.68889201e+07	1	4.00000000e-01	3.29100000e-09	1.21543604e+08
6.01307132e+02	2023-06-05T11:01:59.873371	-1.00000000e-01	-1.65980000e-09	6.02482227e+07	1	4.25000000e-01	1.89720000e-09	2.24014337e+08
6.02040768e+02	2023-06-05T11:02:00.607778	-1.00000000e-01	-9.24690000e-10	1.08144351e+08	1	4.50000000e-01	2.73070000e-09	1.64792910e+08
6.02658508e+02	2023-06-05T11:02:01.224661	-1.00000000e-01	-1.70340000e-09	5.87061172e+07	1	4.75000000e-01	1.89160000e-09	2.51110171e+08
6.03271858e+02	2023-06-05T11:02:01.838155	-1.00000000e-01	-2.28410000e-09	4.37809203e+07	1	5.00000000e-01	3.34300000e-09	1.49566258e+08
6.04165237e+02	2023-06-05T11:02:02.732290	-1.00000000e-01	-2.04620000e-09	4.88710781e+07	1	5.25000000e-01	3.41120000e-09	1.53904784e+08
6.04487969e+02	2023-06-05T11:02:03.054844	-1.00000000e-01	-2.27910000e-09	4.38769690e+07	1	5.50000000e-01	3.37090000e-09	1.63161174e+08
6.05351509e+02	2023-06-05T11:02:03.917715	-1.00000000e-01	-2.61510000e-09	3.82394555e+07	1	5.75000000e-01	3.52790000e-09	1.62986479e+08
6.05682901e+02	2023-06-05T11:02:04.249132	-1.00000000e-01	-2.08140000e-09	4.80445854e+07	1	6.00000000e-01	1.50310000e-09	3.99175038e+08
6.06547258e+02	2023-06-05T11:02:05.114284	-1.00000000e-01	-3.02070000e-09	3.31049095e+07	1	6.25000000e-01	2.81320000e-09	2.22166927e+08
6.06891984e+02	2023-06-05T11:02:05.458958	-1.00000000e-01	-1.22320000e-09	8.17527796e+07	1	6.50000000e-01	2.89700000e-09	2.24370038e+08
6.07750418e+02	2023-06-05T11:02:06.316604	-1.00000000e-01	-3.27590000e-09	3.05259623e+07	1	6.75000000e-01	5.08040000e-09	1.32863554e+08
6.08099048e+02	2023-06-05T11:02:06.665703	-1.00000000e-01	-2.95070000e-09	3.38902633e+07	1	7.00000000e-01	3.74380000e-09	1.86975800e+08
6.08830937e+02	2023-06-05T11:02:07.397487	-1.00000000e-01	-1.64540000e-09	6.07754953e+07	1	7.25000000e-01	1.61770000e-09	4.48167151e+08
6.09692305e+02	2023-06-05T11:02:08.258818	-1.00000000e-01	-3.04140000e-09	3.28795949e+07	1	7.50000000e-01	2.55870000e-09	2.93117599e+08
6.10027239e+02	2023-06-05T11:02:08.594241	-1.00000000e-01	-1.74200000e-09	5.74052813e+07	1	7.75000000e-01	2.77840000e-09	2.78937518e+08
6.10355992e+02	2023-06-05T11:02:08.922791	-1.00000000e-01	-1.41470000e-09	7.06863646e+07	1	8.00000000e-01	3.12290000e-09	2.56172148e+08
6.10694956e+02	2023-06-05T11:02:09.261616	-1.00000000e-01	-1.83260000e-09	5.45672815e+07	1	8.25000000e-01	9.48100000e-09	8.70161375e+07
6.11442346e+02	2023-06-05T11:02:10.009356	-1.00000000e-01	1.06010000e-09	-9.43307235e+07	1	8.50000000e-01	2.13500000e-08	3.98126464e+07
6.11727113e+02	2023-06-05T11:02:10.293783	-1.00000000e-01	-3.95200000e-10	2.53036437e+08	1	8.75000000e-01	1.07070000e-08	8.17222378e+07
6.12266672e+02	2023-06-05T11:02:10.833416	-1.00000000e-01	-1.56040000e-09	6.40861318e+07	1	9.00000000e-01	5.11740000e-09	1.75870559e+08
6.12596202e+02	2023-06-05T11:02:11.162647	-1.00000000e-01	-3.25860000e-09	3.06880255e+07	1	9.25000000e-01	4.33350000e-09	2.13453329e+08
6.12936181e+02	2023-06-05T11:02:11.502913	-1.00000000e-01	-3.61390000e-09	2.76709372e+07	1	9.50000000e-01	3.62850000e-09	2.61816177e+08
6.13273160e+02	2023-06-05T11:02:11.840160	-1.00000000e-01	-2.02050000e-09	4.94926998e+07	1	9.75000000e-01	2.16480000e-09	4.50388027e+08
6.14127163e+02	2023-06-05T11:02:12.693401	-1.00000000e-01	-3.12070000e-09	3.20440927e+07	1	1.00000000e+00	2.61630000e-09	3.82219164e+08
6.14433263e+02	2023-06-05T11:02:13.000443	-1.00000000e-01	-1.87120000e-09	5.34416417e+07	2	1.00000000e+00	1.52980000e-09	6.53680220e+08
6.14713867e+02	2023-06-05T11:02:13.281016	-1.00000000e-01	3.44100000e-10	-2.90613194e+08	2	9.75000000e-01	1.13780000e-09	8.56916857e+08
6.15675031e+02	2023-06-05T11:02:14.242009	-1.00000000e-01	-2.85230000e-10	3.50594257e+08	2	9.50000000e-01	1.83150000e-09	5.18700519e+08
6.15967588e+02	2023-06-05T11:02:14.534273	-1.00000000e-01	4.50100000e-11	-2.22172850e+09	2	9.25000000e-01	4.19430000e-10	2.20537396e+09
6.16546130e+02	2023-06-05T11:02:15.112666	-1.00000000e-01	-1.14960000e-10	8.69867780e+08	2	9.00000000e-01	-5.30500000e-10	-1.69651272e+09
6.17470806e+02	2023-06-05T11:02:16.037401	-1.00000000e-01	2.73650000e-10	-3.65430294e+08	2	8.75000000e-01	-3.40310000e-10	-2.57118510e+09
6.18495274e+02	2023-06-05T11:02:17.061921	-1.00000000e-01	2.53620000e-09	-3.94290671e+07	2	8.50000000e-01	-8.94100000e-10	-9.50676658e+08
6.19194917e+02	2023-06-05T11:02:17.761559	-1.00000000e-01	2.08100000e-09	-4.80538203e+07	2	8.25000000e-01	-1.88460000e-09	-4.37758676e+08
6.19869274e+02	2023-06-05T11:02:18.435704	-1.00000000e-01	9.29300000e-10	-1.07607877e+08	2	8.00000000e-01	-1.49490000e-09	-5.35152853e+08
6.20214231e+02	2023-06-05T11:02:18.781374	-1.00000000e-01	5.83430000e-10	-1.71400168e+08	2	7.75000000e-01	-7.95420000e-10	-9.74328028e+08
6.20930996e+02	2023-06-05T11:02:19.497655	-1.00000000e-01	1.53170000e-09	-6.52869361e+07	2	7.50000000e-01	-3.85560000e-10	-1.94522253e+09
6.22290964e+02	2023-06-05T11:02:20.857612	-1.00000000e-01	4.61580000e-10	-2.16647168e+08	2	7.25000000e-01	-7.32780000e-10	-9.89382898e+08
6.23005938e+02	2023-06-05T11:02:21.572804	-1.00000000e-01	1.43800000e-09	-6.95410292e+07	2	7.00000000e-01	-1.10990000e-09	-6.30687449e+08
6.23292028e+02	2023-06-05T11:02:21.859008	-1.00000000e-01	1.59020000e-09	-6.28851717e+07	2	6.75000000e-01	-1.16230000e-09	-5.80745074e+08
6.24251881e+02	2023-06-05T11:02:22.818859	-1.00000000e-01	9.74540000e-10	-1.02612515e+08	2	6.50000000e-01	-1.09800000e-09	-5.91985428e+08
6.24553960e+02	2023-06-05T11:02:23.121175	-1.00000000e-01	1.44660000e-09	-6.91276096e+07	2	6.25000000e-01	-2.56870000e-09	-2.43313738e+08
6.24844860e+02	2023-06-05T11:02:23.411900	-1.00000000e-01	6.81110000e-10	-1.46819163e+08	2	6.00000000e-01	-2.10340000e-09	-2.85252448e+08
6.25804959e+02	2023-06-05T11:02:24.371550	-1.00000000e-01	6.67940000e-10	-1.49714046e+08	2	5.75000000e-01	-2.29700000e-09	-2.50326513e+08
6.26832407e+02	2023-06-05T11:02:25.398988	-1.00000000e-01	5.45300000e-10	-1.83385292e+08	2	5.50000000e-01	-1.77990000e-09	-3.09006124e+08
6.28520221e+02	2023-06-05T11:02:27.086693	-1.00000000e-01	1.08370000e-09	-9.22764603e+07	2	5.25000000e-01	-9.03200000e-09	-5.81266608e+07
6.29137837e+02	2023-06-05T11:02:27.704186	-1.00000000e-01	5.85340000e-10	-1.70840879e+08	2	5.00000000e-01	-1.43550000e-09	-3.48310693e+08
6.30088141e+02	2023-06-05T11:02:28.655061	-1.00000000e-01	6.04580000e-10	-1.65404082e+08	2	4.75000000e-01	-3.14790000e-09	-1.50894247e+08
6.30389238e+02	2023-06-05T11:02:28.956056	-1.00000000e-01	5.54030000e-10	-1.80495641e+08	2	4.50000000e-01	-2.92930000e-09	-1.53620319e+08
6.31039835e+02	2023-06-05T11:02:29.606774	-1.00000000e-01	9.50800000e-10	-1.05174590e+08	2	4.25000000e-01	-1.83370000e-09	-2.31771827e+08
6.32335175e+02	2023-06-05T11:02:30.902224	-1.00000000e-01	9.52740000e-10	-1.04960430e+08	2	4.00000000e-01	-9.35370000e-10	-4.27638261e+08
6.33696168e+02	2023-06-05T11:02:32.263079	-1.00000000e-01	1.50090000e-09	-6.66266907e+07	2	3.75000000e-01	-2.57430000e-09	-1.45670668e+08
6.34529417e+02	2023-06-05T11:02:33.096324	-1.00000000e-01	1.20950000e-09	-8.26787929e+07	2	3.50000000e-01	-1.78620000e-09	-1.95946702e+08
6.34824130e+02	2023-06-05T11:02:33.390730	-1.00000000e-01	-2.37000000e-11	4.21940928e+09	2	3.25000000e-01	-2.86650000e-09	-1.13378685e+08
6.35396824e+02	2023-06-05T11:02:33.963626	-1.00000000e-01	1.41870000e-09	-7.04870656e+07	2	3.00000000e-01	-1.25660000e-09	-2.38739456e+08
6.35739328e+02	2023-06-05T11:02:34.306092	-1.00000000e-01	2.14170000e-09	-4.66918803e+07	2	2.75000000e-01	-2.71480000e-09	-1.01296596e+08
6.36061198e+02	2023-06-05T11:02:34.627895	-1.00000000e-01	1.03010000e-09	-9.70779536e+07	2	2.50000000e-01	-2.31860000e-09	-1.07823687e+08
6.36941033e+02	2023-06-05T11:02:35.507979	-1.00000000e-01	2.21600000e-09	-4.51263538e+07	2	2.25000000e-01	-2.75390000e-09	-8.17023131e+07
6.37262001e+02	2023-06-05T11:02:35.828787	-1.00000000e-01	5.60090000e-10	-1.78542734e+08	2	2.00000000e-01	-1.51300000e-09	-1.32187707e+08
6.38436486e+02	2023-06-05T11:02:37.002839	-1.00000000e-01	1.18590000e-09	-8.43241420e+07	2	1.75000000e-01	-2.04190000e-09	-8.57044909e+07
6.39720113e+02	2023-06-05T11:02:38.287460	-1.00000000e-01	8.60680000e-10	-1.16187201e+08	2	1.50000000e-01	-9.89000000e-10	-1.51668352e+08
6.40694166e+02	2023-06-05T11:02:39.261260	-1.00000000e-01	1.96740000e-09	-5.08285046e+07	2	1.25000000e-01	-2.77830000e-09	-4.49915416e+07
6.40985760e+02	2023-06-05T11:02:39.552319	-1.00000000e-01	1.25080000e-09	-7.99488327e+07	2	1.00000000e-01	-2.50660000e-09	-3.98946780e+07
6.41641770e+02	2023-06-05T11:02:40.208691	-1.00000000e-01	1.39730000e-09	-7.15665927e+07	2	7.50000000e-02	-2.52330000e-09	-2.97229818e+07
6.42475445e+02	2023-06-05T11:02:41.042188	-1.00000000e-01	1.56880000e-09	-6.37429883e+07	2	5.00000000e-02	-2.94250000e-09	-1.69923534e+07
6.42783532e+02	2023-06-05T11:02:41.350719	-1.00000000e-01	7.46170000e-10	-1.34017717e+08	2	2.50000000e-02	-1.96090000e-09	-1.27492478e+07
6.43684415e+02	2023-06-05T11:02:42.251677	-1.00000000e-01	7.50600000e-10	-1.33226752e+08	2	0.00000000e+00	-1.25520000e-09	-0.00000000e+00
6.44695172e+02	2023-06-05T11:02:43.262537	-1.00000000e-01	7.56030000e-10	-1.32269883e+08	2	-2.50000000e-02	-1.12050000e-09	2.23114681e+07
6.45721727e+02	2023-06-05T11:02:44.288678	-1.00000000e-01	1.16660000e-09	-8.57191840e+07	2	-5.00000000e-02	-2.69590000e-09	1.85466820e+07
6.46344383e+02	2023-06-05T11:02:44.911196	-1.00000000e-01	9.11090000e-09	-1.09758641e+07	2	-7.50000000e-02	-5.23110000e-09	1.43373287e+07
6.46644318e+02	2023-06-05T11:02:45.211262	-1.00000000e-01	2.65850000e-10	-3.76151965e+08	2	-1.00000000e-01	-4.40970000e-09	2.26772796e+07
6.46945102e+02	2023-06-05T11:02:45.512100	-1.00000000e-01	-7.24440000e-09	1.38037657e+07	2	-1.25000000e-01	-5.98350000e-09	2.08907830e+07
6.47542184e+02	2023-06-05T11:02:46.108979	-1.00000000e-01	-1.17200000e-08	8.53242321e+06	2	-1.50000000e-01	-3.11390000e-09	4.81711038e+07
6.47844331e+02	2023-06-05T11:02:46.410888	-1.00000000e-01	-1.53700000e-08	6.50618087e+06	2	-1.75000000e-01	-1.99090000e-09	8.78999447e+07
6.48149077e+02	2023-06-05T11:02:46.715711	-1.00000000e-01	-2.81930000e-08	3.54697975e+06	2	-2.00000000e-01	-1.51720000e-09	1.31821777e+08
6.48449773e+02	2023-06-05T11:02:47.016729	-1.00000000e-01	-4.26210000e-08	2.34626123e+06	2	-2.25000000e-01	-2.83840000e-09	7.92700113e+07
6.48742426e+02	2023-06-05T11:02:47.309638	-1.00000000e-01	-5.62730000e-08	1.77705116e+06	2	-2.50000000e-01	-1.60740000e-09	1.55530671e+08
6.49066510e+02	2023-06-05T11:02:47.633004	-1.00000000e-01	-8.09270000e-08	1.23568154e+06	2	-2.75000000e-01	-2.66100000e-09	1.03344607e+08
6.49366195e+02	2023-06-05T11:02:47.933046	-1.00000000e-01	-1.05200000e-07	9.50570342e+05	2	-3.00000000e-01	-3.30790000e-09	9.06919798e+07
6.49667615e+02	2023-06-05T11:02:48.234526	-1.00000000e-01	-1.45560000e-07	6.87001924e+05	2	-3.25000000e-01	-2.47160000e-09	1.31493769e+08
6.49967851e+02	2023-06-05T11:02:48.534652	-1.00000000e-01	-1.86040000e-07	5.37518813e+05	2	-3.50000000e-01	-3.50080000e-09	9.99771481e+07
6.50269692e+02	2023-06-05T11:02:48.837079	-1.00000000e-01	-2.24630000e-07	4.45176512e+05	2	-3.75000000e-01	-2.91390000e-09	1.28693504e+08
6.51100204e+02	2023-06-05T11:02:49.667496	-1.00000000e-01	-2.98610000e-07	3.34884967e+05	2	-4.00000000e-01	-2.54430000e-09	1.57214165e+08
6.51406790e+02	2023-06-05T11:02:49.973272	-1.00000000e-01	-3.49020000e-07	2.86516532e+05	2	-4.25000000e-01	-1.84770000e-09	2.30015695e+08
6.51717323e+02	2023-06-05T11:02:50.284455	-1.00000000e-01	-4.24180000e-07	2.35748974e+05	2	-4.50000000e-01	-3.23740000e-09	1.39000432e+08
6.52019733e+02	2023-06-05T11:02:50.586377	-1.00000000e-01	-5.07820000e-07	1.96920169e+05	2	-4.75000000e-01	-4.40970000e-09	1.07717078e+08
6.52313476e+02	2023-06-05T11:02:50.880022	-1.00000000e-01	-5.98780000e-07	1.67006246e+05	2	-5.00000000e-01	-3.29400000e-09	1.51791135e+08
6.52617419e+02	2023-06-05T11:02:51.184809	-1.00000000e-01	-6.97180000e-07	1.43434981e+05	2	-5.25000000e-01	-9.26200000e-09	5.66832218e+07
6.52906903e+02	2023-06-05T11:02:51.473523	-1.00000000e-01	-7.96760000e-07	1.25508309e+05	2	-5.50000000e-01	-2.59530000e-09	2.11921550e+08
6.53755465e+02	2023-06-05T11:02:52.322094	-1.00000000e-01	-9.55690000e-07	1.04636441e+05	2	-5.75000000e-01	-1.92470000e-09	2.98747857e+08
6.54054203e+02	2023-06-05T11:02:52.621497	-1.00000000e-01	-1.08610000e-06	9.20725532e+04	2	-6.00000000e-01	-3.42250000e-09	1.75310446e+08
6.54347286e+02	2023-06-05T11:02:52.914621	-1.00000000e-01	-1.23890000e-06	8.07167649e+04	2	-6.25000000e-01	-2.50660000e-09	2.49341738e+08
6.54659475e+02	2023-06-05T11:02:53.226335	-1.00000000e-01	-1.37180000e-06	7.28969237e+04	2	-6.50000000e-01	-4.11490000e-09	1.57962526e+08
6.54954169e+02	2023-06-05T11:02:53.520900	-1.00000000e-01	-1.56410000e-06	6.39345310e+04	2	-6.75000000e-01	-3.22970000e-09	2.08997740e+08
6.55250301e+02	2023-06-05T11:02:53.817479	-1.00000000e-01	-1.69070000e-06	5.91470988e+04	2	-7.00000000e-01	-4.31610000e-09	1.62183453e+08
6.55550599e+02	2023-06-05T11:02:54.118016	-1.00000000e-01	-1.87840000e-06	5.32367973e+04	2	-7.25000000e-01	-9.63200000e-09	7.52699336e+07
6.55847305e+02	2023-06-05T11:02:54.414547	-1.00000000e-01	-2.06500000e-06	4.84261501e+04	2	-7.50000000e-01	-3.84520000e-09	1.95048372e+08
6.56149068e+02	2023-06-05T11:02:54.715561	-1.00000000e-01	-2.31710000e-06	4.31573950e+04	2	-7.75000000e-01	-3.20310000e-09	2.41953108e+08
6.56438706e+02	2023-06-05T11:02:55.005908	-1.00000000e-01	-2.47200000e-06	4.04530744e+04	2	-8.00000000e-01	-4.19940000e-09	1.90503405e+08
6.56743079e+02	2023-06-05T11:02:55.309803	-1.00000000e-01	-2.64810000e-06	3.77629244e+04	2	-8.25000000e-01	-3.87880000e-09	2.12694648e+08
6.57047208e+02	2023-06-05T11:02:55.614350	-1.00000000e-01	-2.81400000e-06	3.55366027e+04	2	-8.50000000e-01	-2.85660000e-09	2.97556536e+08
6.57344335e+02	2023-06-05T11:02:55.911863	-1.00000000e-01	-2.99850000e-06	3.33500083e+04	2	-8.75000000e-01	-4.33040000e-09	2.02059856e+08
6.57655240e+02	2023-06-05T11:02:56.222201	-1.00000000e-01	-3.07340000e-06	3.25372552e+04	2	-9.00000000e-01	-3.06010000e-09	2.94108036e+08
6.57944363e+02	2023-06-05T11:02:56.511860	-1.00000000e-01	-3.16760000e-06	3.15696426e+04	2	-9.25000000e-01	-3.31490000e-09	2.79043108e+08
6.58251081e+02	2023-06-05T11:02:56.818528	-1.00000000e-01	-3.19920000e-06	3.12578145e+04	2	-9.50000000e-01	-3.79140000e-09	2.50567073e+08
6.58553520e+02	2023-06-05T11:02:57.120541	-1.00000000e-01	-3.30240000e-06	3.02810078e+04	2	-9.75000000e-01	-9.31900000e-09	1.04624960e+08
6.58845977e+02	2023-06-05T11:02:57.413437	-1.00000000e-01	-3.36830000e-06	2.96885669e+04	2	-1.00000000e+00	-4.73140000e-09	2.11353933e+08
6.59106295e+02	2023-06-05T11:02:57.673801	-1.00000000e-01	-3.43990000e-06	2.90706125e+04	2	-1.00000000e+00	-1.99720000e-09	5.00700981e+08
6.59400431e+02	2023-06-05T11:02:57.967868	-1.00000000e-01	-3.31150000e-06	3.01977956e+04	2	-9.75000000e-01	-2.13010000e-09	4.57724989e+08
6.59696195e+02	2023-06-05T11:02:58.263108	-1.00000000e-01	-3.27150000e-06	3.05670182e+04	2	-9.50000000e-01	-9.36940000e-10	1.01393899e+09
6.60275431e+02	2023-06-05T11:02:58.842147	-1.00000000e-01	-3.28050000e-06	3.04831581e+04	2	-9.25000000e-01	-2.80250000e-10	3.30062444e+09
6.60877504e+02	2023-06-05T11:02:59.444802	-1.00000000e-01	-2.84690000e-06	3.51259264e+04	2	-9.00000000e-01	-1.02910000e-10	8.74550578e+09
6.61432252e+02	2023-06-05T11:02:59.999684	-1.00000000e-01	-1.99770000e-06	5.00575662e+04	2	-8.75000000e-01	4.11310000e-09	-2.12734920e+08
6.61727903e+02	2023-06-05T11:03:00.295463	-1.00000000e-01	-2.37130000e-06	4.21709611e+04	2	-8.50000000e-01	1.55910000e-09	-5.45186325e+08
6.62029246e+02	2023-06-05T11:03:00.596202	-1.00000000e-01	-2.38620000e-06	4.19076356e+04	2	-8.25000000e-01	9.47700000e-10	-8.70528648e+08
6.62318625e+02	2023-06-05T11:03:00.886138	-1.00000000e-01	-2.16490000e-06	4.61915100e+04	2	-8.00000000e-01	7.41830000e-10	-1.07841419e+09
6.62898655e+02	2023-06-05T11:03:01.466144	-1.00000000e-01	-2.17840000e-06	4.59052516e+04	2	-7.75000000e-01	4.95190000e-10	-1.56505584e+09
6.63610816e+02	2023-06-05T11:03:02.178194	-1.00000000e-01	-1.89010000e-06	5.29072536e+04	2	-7.50000000e-01	1.51140000e-09	-4.96228662e+08
6.63905455e+02	2023-06-05T11:03:02.472438	-1.00000000e-01	-1.79380000e-06	5.57475750e+04	2	-7.25000000e-01	1.33130000e-09	-5.44580485e+08
6.64193980e+02	2023-06-05T11:03:02.761138	-1.00000000e-01	-1.65900000e-06	6.02772755e+04	2	-7.00000000e-01	2.23100000e-10	-3.13760645e+09
6.65433696e+02	2023-06-05T11:03:04.000878	-1.00000000e-01	-1.43900000e-06	6.94927033e+04	2	-6.75000000e-01	3.43630000e-10	-1.96432209e+09
6.66143665e+02	2023-06-05T11:03:04.710414	-1.00000000e-01	-1.32470000e-06	7.54887899e+04	2	-6.50000000e-01	1.47380000e-09	-4.41036776e+08
6.66446467e+02	2023-06-05T11:03:05.013976	-1.00000000e-01	-1.19190000e-06	8.38996560e+04	2	-6.25000000e-01	8.05800000e-10	-7.75626706e+08
6.67147176e+02	2023-06-05T11:03:05.714747	-1.00000000e-01	-1.04020000e-06	9.61353586e+04	2	-6.00000000e-01	1.68140000e-09	-3.56845486e+08
6.67443606e+02	2023-06-05T11:03:06.011087	-1.00000000e-01	-9.18900000e-07	1.08825770e+05	2	-5.75000000e-01	9.94600000e-10	-5.78121858e+08
6.67748081e+02	2023-06-05T11:03:06.315774	-1.00000000e-01	-8.17720000e-07	1.22291249e+05	2	-5.50000000e-01	3.93230000e-10	-1.39867253e+09
6.69105069e+02	2023-06-05T11:03:07.671909	-1.00000000e-01	-6.42400000e-07	1.55666252e+05	2	-5.25000000e-01	1.09860000e-09	-4.77880939e+08
6.69397382e+02	2023-06-05T11:03:07.964890	-1.00000000e-01	-5.65610000e-07	1.76800269e+05	2	-5.00000000e-01	4.49430000e-10	-1.11252030e+09
6.70771650e+02	2023-06-05T11:03:09.339283	-1.00000000e-01	-4.40500000e-07	2.27014756e+05	2	-4.75000000e-01	7.79040000e-10	-6.09724789e+08
6.71483001e+02	2023-06-05T11:03:10.049883	-1.00000000e-01	-3.73180000e-07	2.67967201e+05	2	-4.50000000e-01	1.45000000e-09	-3.10344828e+08
6.71783698e+02	2023-06-05T11:03:10.351319	-1.00000000e-01	-3.24210000e-07	3.08442059e+05	2	-4.25000000e-01	5.68730000e-10	-7.47279025e+08
6.73162551e+02	2023-06-05T11:03:11.730373	-1.00000000e-01	-2.38410000e-07	4.19445493e+05	2	-4.00000000e-01	2.49600000e-09	-1.60256410e+08
6.73456060e+02	2023-06-05T11:03:12.023442	-1.00000000e-01	-2.05760000e-07	4.86003110e+05	2	-3.75000000e-01	2.98500000e-09	-1.25628141e+08
6.73760269e+02	2023-06-05T11:03:12.327665	-1.00000000e-01	-1.69060000e-07	5.91505974e+05	2	-3.50000000e-01	2.82920000e-09	-1.23709883e+08
6.74062745e+02	2023-06-05T11:03:12.629798	-1.00000000e-01	-1.27530000e-07	7.84129224e+05	2	-3.25000000e-01	1.53950000e-09	-2.11107502e+08
6.74356026e+02	2023-06-05T11:03:12.923278	-1.00000000e-01	-9.60600000e-08	1.04101603e+06	2	-3.00000000e-01	2.27030000e-09	-1.32141127e+08
6.74681530e+02	2023-06-05T11:03:13.249315	-1.00000000e-01	-6.92460000e-08	1.44412674e+06	2	-2.75000000e-01	2.58680000e-09	-1.06308953e+08
6.74969605e+02	2023-06-05T11:03:13.536550	-1.00000000e-01	-4.97380000e-08	2.01053520e+06	2	-2.50000000e-01	4.30620000e-09	-5.80558265e+07
6.75267903e+02	2023-06-05T11:03:13.835241	-1.00000000e-01	-2.98770000e-08	3.34705626e+06	2	-2.25000000e-01	9.09700000e-09	-2.47334286e+07
6.75561671e+02	2023-06-05T11:03:14.129441	-1.00000000e-01	-2.22840000e-08	4.48752468e+06	2	-2.00000000e-01	2.74820000e-09	-7.27749072e+07
6.75864300e+02	2023-06-05T11:03:14.431798	-1.00000000e-01	-9.86600000e-09	1.01358200e+07	2	-1.75000000e-01	3.58310000e-09	-4.88403896e+07
6.76175475e+02	2023-06-05T11:03:14.742669	-1.00000000e-01	-7.74800000e-09	1.29065565e+07	2	-1.50000000e-01	4.18070000e-09	-3.58791590e+07
6.76463355e+02	2023-06-05T11:03:15.030646	-1.00000000e-01	-4.76170000e-09	2.10009030e+07	2	-1.25000000e-01	2.90330000e-09	-4.30544553e+07
6.76767192e+02	2023-06-05T11:03:15.334950	-1.00000000e-01	-3.24720000e-09	3.07957625e+07	2	-1.00000000e-01	3.90940000e-09	-2.55793728e+07
6.77069625e+02	2023-06-05T11:03:15.637229	-1.00000000e-01	-1.75120000e-09	5.71037003e+07	2	-7.50000000e-02	9.12300000e-09	-8.22097994e+06
6.77365722e+02	2023-06-05T11:03:15.932975	-1.00000000e-01	-2.19120000e-09	4.56370938e+07	2	-5.00000000e-02	2.76150000e-09	-1.81061018e+07
6.77683599e+02	2023-06-05T11:03:16.250953	-1.00000000e-01	-1.86120000e-09	5.37287771e+07	2	-2.50000000e-02	3.21980000e-09	-7.76445742e+06
6.77968264e+02	2023-06-05T11:03:16.535972	-1.00000000e-01	-5.89680000e-10	1.69583503e+08	2	0.00000000e+00	1.27470000e-09	0.00000000e+00
6.78765612e+02	2023-06-05T11:03:17.333391	-1.00000000e-01	-4.40810000e-10	2.26855108e+08	2	2.50000000e-02	2.29400000e-09	1.08979948e+07
6.79792397e+02	2023-06-05T11:03:18.360090	-1.00000000e-01	-1.29680000e-09	7.71128933e+07	2	5.00000000e-02	2.82990000e-09	1.76684689e+07
6.80443791e+02	2023-06-05T11:03:19.011070	-1.00000000e-01	-2.67500000e-10	3.73831776e+08	2	7.50000000e-02	1.67780000e-09	4.47013947e+07
6.81277672e+02	2023-06-05T11:03:19.844889	-1.00000000e-01	-8.12900000e-10	1.23016361e+08	2	1.00000000e-01	1.18940000e-09	8.40760047e+07
6.81584260e+02	2023-06-05T11:03:20.152120	-1.00000000e-01	-2.00480000e-09	4.98802873e+07	2	1.25000000e-01	3.27920000e-09	3.81190534e+07
6.81895764e+02	2023-06-05T11:03:20.463144	-1.00000000e-01	-1.44180000e-09	6.93577473e+07	2	1.50000000e-01	2.77050000e-09	5.41418517e+07
6.82234426e+02	2023-06-05T11:03:20.801736	-1.00000000e-01	-2.40100000e-10	4.16493128e+08	2	1.75000000e-01	1.97130000e-09	8.87739055e+07
6.83504009e+02	2023-06-05T11:03:22.071952	-1.00000000e-01	-4.61640000e-10	2.16619010e+08	2	2.00000000e-01	3.37720000e-09	5.92206562e+07
6.84520250e+02	2023-06-05T11:03:23.087717	-1.00000000e-01	-4.05370000e-09	2.46688211e+07	2	2.25000000e-01	1.48640000e-09	1.51372443e+08
6.85352172e+02	2023-06-05T11:03:23.919923	-1.00000000e-01	-1.64330000e-09	6.08531613e+07	2	2.50000000e-01	1.01450000e-08	2.46426811e+07
6.85641854e+02	2023-06-05T11:03:24.209174	-1.00000000e-01	-2.08620000e-09	4.79340428e+07	2	2.75000000e-01	2.96760000e-09	9.26674754e+07
6.85987366e+02	2023-06-05T11:03:24.555282	-1.00000000e-01	-2.48560000e-09	4.02317348e+07	2	3.00000000e-01	2.69440000e-09	1.11342043e+08
6.86316183e+02	2023-06-05T11:03:24.884026	-1.00000000e-01	-1.51750000e-09	6.58978583e+07	2	3.25000000e-01	1.67850000e-09	1.93625261e+08
6.87195203e+02	2023-06-05T11:03:25.762657	-1.00000000e-01	-2.46150000e-09	4.06256348e+07	2	3.50000000e-01	3.09260000e-09	1.13173382e+08
6.87517487e+02	2023-06-05T11:03:26.084887	-1.00000000e-01	-1.30110000e-09	7.68580432e+07	2	3.75000000e-01	1.88250000e-09	1.99203187e+08
6.88382329e+02	2023-06-05T11:03:26.950280	-1.00000000e-01	-1.91690000e-09	5.21675622e+07	2	4.00000000e-01	9.51300000e-09	4.20477242e+07
6.89126003e+02	2023-06-05T11:03:27.693980	-1.00000000e-01	-2.66780000e-09	3.74840693e+07	2	4.25000000e-01	2.86900000e-09	1.48135239e+08
6.89461503e+02	2023-06-05T11:03:28.028827	-1.00000000e-01	-1.97550000e-09	5.06200962e+07	2	4.50000000e-01	4.07150000e-09	1.10524377e+08
6.89795320e+02	2023-06-05T11:03:28.362787	-1.00000000e-01	-2.29340000e-09	4.36033836e+07	2	4.75000000e-01	1.46400000e-09	3.24453552e+08
6.90657718e+02	2023-06-05T11:03:29.225602	-1.00000000e-01	-2.12570000e-09	4.70433269e+07	2	5.00000000e-01	3.49580000e-09	1.43028777e+08
6.90997668e+02	2023-06-05T11:03:29.565024	-1.00000000e-01	-2.16200000e-09	4.62534690e+07	2	5.25000000e-01	3.68160000e-09	1.42601043e+08
6.91855771e+02	2023-06-05T11:03:30.423029	-1.00000000e-01	-2.57080000e-09	3.88983974e+07	2	5.50000000e-01	4.54240000e-09	1.21081367e+08
6.92195286e+02	2023-06-05T11:03:30.763326	-1.00000000e-01	-2.05980000e-09	4.85484028e+07	2	5.75000000e-01	3.43290000e-09	1.67496869e+08
6.93055399e+02	2023-06-05T11:03:31.622884	-1.00000000e-01	-2.92570000e-09	3.41798544e+07	2	6.00000000e-01	3.22770000e-09	1.85890882e+08
6.93391336e+02	2023-06-05T11:03:31.959201	-1.00000000e-01	-1.93910000e-09	5.15703161e+07	2	6.25000000e-01	1.89650000e-09	3.29554442e+08
6.94278551e+02	2023-06-05T11:03:32.846555	-1.00000000e-01	-3.05860000e-09	3.26946969e+07	2	6.50000000e-01	2.66710000e-09	2.43710397e+08
6.94592607e+02	2023-06-05T11:03:33.160374	-1.00000000e-01	-1.70690000e-09	5.85857402e+07	2	6.75000000e-01	1.83080000e-09	3.68691282e+08
6.95481716e+02	2023-06-05T11:03:34.049720	-1.00000000e-01	-3.13710000e-09	3.18765739e+07	2	7.00000000e-01	3.09540000e-09	2.26142017e+08
6.95799387e+02	2023-06-05T11:03:34.367117	-1.00000000e-01	-1.89690000e-09	5.27175919e+07	2	7.25000000e-01	3.07800000e-09	2.35542560e+08
6.96141630e+02	2023-06-05T11:03:34.709813	-1.00000000e-01	-1.58900000e-09	6.29326621e+07	2	7.50000000e-01	3.37210000e-09	2.22413333e+08
6.96467461e+02	2023-06-05T11:03:35.035195	-1.00000000e-01	-1.84760000e-09	5.41242693e+07	2	7.75000000e-01	9.46200000e-09	8.19065737e+07
6.97216366e+02	2023-06-05T11:03:35.784705	-1.00000000e-01	9.56500000e-10	-1.04547831e+08	2	8.00000000e-01	2.05700000e-08	3.88915897e+07
6.97507824e+02	2023-06-05T11:03:36.075565	-1.00000000e-01	-3.55010000e-09	2.81682206e+07	2	8.25000000e-01	1.63370000e-09	5.04988676e+08
6.98045428e+02	2023-06-05T11:03:36.613511	-1.00000000e-01	-1.49750000e-09	6.67779633e+07	2	8.50000000e-01	3.28830000e-09	2.58492230e+08
6.98370738e+02	2023-06-05T11:03:36.938139	-1.00000000e-01	-3.27930000e-09	3.04943128e+07	2	8.75000000e-01	3.34950000e-09	2.61233020e+08
6.98711348e+02	2023-06-05T11:03:37.279036	-1.00000000e-01	-3.51580000e-09	2.84430286e+07	2	9.00000000e-01	4.24870000e-09	2.11829501e+08
6.99041790e+02	2023-06-05T11:03:37.610158	-1.00000000e-01	-2.14840000e-09	4.65462670e+07	2	9.25000000e-01	2.09780000e-09	4.40938126e+08
6.99911375e+02	2023-06-05T11:03:38.479502	-1.00000000e-01	-1.86120000e-09	5.37287771e+07	2	9.50000000e-01	4.16370000e-09	2.28162452e+08
7.00748100e+02	2023-06-05T11:03:39.315716	-1.00000000e-01	-2.42990000e-09	4.11539570e+07	2	9.75000000e-01	3.95430000e-09	2.46567028e+08
7.01032993e+02	2023-06-05T11:03:39.600970	-1.00000000e-01	-2.65210000e-09	3.77059689e+07	2	1.00000000e+00	2.84530000e-09	3.51456788e+08
7.01298556e+02	2023-06-05T11:03:39.866574	-1.00000000e-01	-8.24570000e-10	1.21275331e+08	3	1.00000000e+00	3.09030000e-09	3.23593179e+08
7.01820151e+02	2023-06-05T11:03:40.388529	-1.00000000e-01	-2.98340000e-10	3.35188040e+08	3	9.75000000e-01	3.99300000e-10	2.44177310e+09
7.03286466e+02	2023-06-05T11:03:41.854316	-1.00000000e-01	-9.12640000e-10	1.09572230e+08	3	9.50000000e-01	-4.77380000e-09	-1.99002891e+08
7.03597354e+02	2023-06-05T11:03:42.165150	-1.00000000e-01	-1.53330000e-10	6.52188091e+08	3	9.25000000e-01	8.19000000e-11	1.12942613e+10
7.04290056e+02	2023-06-05T11:03:42.858171	-1.00000000e-01	1.59200000e-10	-6.28140704e+08	3	9.00000000e-01	1.85700000e-10	4.84652666e+09
7.05278307e+02	2023-06-05T11:03:43.846311	-1.00000000e-01	1.91820000e-09	-5.21322073e+07	3	8.75000000e-01	-5.21830000e-10	-1.67679129e+09
7.05967270e+02	2023-06-05T11:03:44.535261	-1.00000000e-01	1.98880000e-09	-5.02815768e+07	3	8.50000000e-01	-2.49030000e-09	-3.41324338e+08
7.06650465e+02	2023-06-05T11:03:45.218742	-1.00000000e-01	4.94590000e-10	-2.02187671e+08	3	8.25000000e-01	-1.95050000e-09	-4.22968470e+08
7.07248555e+02	2023-06-05T11:03:45.816106	-1.00000000e-01	1.79610000e-09	-5.56761873e+07	3	8.00000000e-01	-1.76630000e-10	-4.52924192e+09
7.08612676e+02	2023-06-05T11:03:47.180668	-1.00000000e-01	3.58220000e-10	-2.79158059e+08	3	7.75000000e-01	-5.24490000e-10	-1.47762588e+09
7.09316646e+02	2023-06-05T11:03:47.884989	-1.00000000e-01	1.29870000e-09	-7.70000770e+07	3	7.50000000e-01	-2.59550000e-10	-2.88961664e+09
7.10660625e+02	2023-06-05T11:03:49.229149	-1.00000000e-01	4.29850000e-10	-2.32639293e+08	3	7.25000000e-01	-6.21380000e-10	-1.16675786e+09
7.11369420e+02	2023-06-05T11:03:49.937832	-1.00000000e-01	1.34090000e-09	-7.45767768e+07	3	7.00000000e-01	-9.54550000e-10	-7.33329841e+08
7.12068281e+02	2023-06-05T11:03:50.636829	-1.00000000e-01	4.63570000e-10	-2.15717152e+08	3	6.75000000e-01	-5.21070000e-10	-1.29541137e+09
7.13437957e+02	2023-06-05T11:03:52.006405	-1.00000000e-01	5.32720000e-10	-1.87715873e+08	3	6.50000000e-01	-2.77140000e-09	-2.34538500e+08
7.13753812e+02	2023-06-05T11:03:52.321515	-1.00000000e-01	7.04970000e-10	-1.41850008e+08	3	6.25000000e-01	-2.68260000e-09	-2.32982927e+08
7.14752237e+02	2023-06-05T11:03:53.320474	-1.00000000e-01	7.79810000e-10	-1.28236365e+08	3	6.00000000e-01	-2.17680000e-09	-2.75633958e+08
7.15605232e+02	2023-06-05T11:03:54.172993	-1.00000000e-01	3.35790000e-09	-2.97805176e+07	3	5.75000000e-01	-1.85120000e-09	-3.10609334e+08
7.16437558e+02	2023-06-05T11:03:55.005395	-1.00000000e-01	1.21650000e-09	-8.22030415e+07	3	5.50000000e-01	-7.85370000e-10	-7.00306862e+08
7.17809336e+02	2023-06-05T11:03:56.377897	-1.00000000e-01	1.71750000e-09	-5.82241630e+07	3	5.25000000e-01	-2.97610000e-09	-1.76405363e+08
7.18092624e+02	2023-06-05T11:03:56.661236	-1.00000000e-01	1.75240000e-09	-5.70645971e+07	3	5.00000000e-01	-2.38640000e-09	-2.09520617e+08
7.18396426e+02	2023-06-05T11:03:56.964710	-1.00000000e-01	2.20890000e-09	-4.52714021e+07	3	4.75000000e-01	-9.15700000e-10	-5.18728841e+08
7.18688175e+02	2023-06-05T11:03:57.256455	-1.00000000e-01	1.20580000e-09	-8.29324930e+07	3	4.50000000e-01	-2.31160000e-09	-1.94670358e+08
7.19651106e+02	2023-06-05T11:03:58.219439	-1.00000000e-01	1.50090000e-09	-6.66266907e+07	3	4.25000000e-01	-1.92460000e-09	-2.20825107e+08
7.19949886e+02	2023-06-05T11:03:58.517963	-1.00000000e-01	2.25030000e-09	-4.44385193e+07	3	4.00000000e-01	-1.23360000e-09	-3.24254215e+08
7.20251390e+02	2023-06-05T11:03:58.819860	-1.00000000e-01	1.84240000e-09	-5.42770300e+07	3	3.75000000e-01	-3.19820000e-09	-1.17253455e+08
7.20556363e+02	2023-06-05T11:03:59.124164	-1.00000000e-01	2.35390000e-09	-4.24826883e+07	3	3.50000000e-01	-4.43280000e-09	-7.89568670e+07
7.20846257e+02	2023-06-05T11:03:59.414184	-1.00000000e-01	1.96670000e-09	-5.08465958e+07	3	3.25000000e-01	-2.81470000e-09	-1.15465236e+08
7.21183409e+02	2023-06-05T11:03:59.751462	-1.00000000e-01	6.76280000e-10	-1.47867747e+08	3	3.00000000e-01	-3.20590000e-09	-9.35774665e+07
7.21924574e+02	2023-06-05T11:04:00.493348	-1.00000000e-01	2.00970000e-09	-4.97586704e+07	3	2.75000000e-01	-1.06100000e-09	-2.59189444e+08
7.22543621e+02	2023-06-05T11:04:01.112351	-1.00000000e-01	1.11950000e-09	-8.93255918e+07	3	2.50000000e-01	-2.08040000e-09	-1.20169198e+08
7.23409822e+02	2023-06-05T11:04:01.978014	-1.00000000e-01	2.19030000e-09	-4.56558462e+07	3	2.25000000e-01	-2.18450000e-09	-1.02998398e+08
7.23738637e+02	2023-06-05T11:04:02.306601	-1.00000000e-01	9.59320000e-10	-1.04240504e+08	3	2.00000000e-01	-3.22810000e-09	-6.19559493e+07
7.24362470e+02	2023-06-05T11:04:02.930863	-1.00000000e-01	1.72810000e-09	-5.78670216e+07	3	1.75000000e-01	-2.79600000e-09	-6.25894134e+07
7.24994551e+02	2023-06-05T11:04:03.563225	-1.00000000e-01	1.53520000e-09	-6.51380928e+07	3	1.50000000e-01	-2.54720000e-09	-5.88881910e+07
7.25298127e+02	2023-06-05T11:04:03.866396	-1.00000000e-01	2.46890000e-09	-4.05038681e+07	3	1.25000000e-01	-1.76320000e-09	-7.08938294e+07
7.25595483e+02	2023-06-05T11:04:04.163817	-1.00000000e-01	2.61610000e-09	-3.82248385e+07	3	1.00000000e-01	-2.96560000e-09	-3.37199892e+07
7.25902858e+02	2023-06-05T11:04:04.470879	-1.00000000e-01	1.90740000e-09	-5.24273881e+07	3	7.50000000e-02	-3.03480000e-09	-2.47133254e+07
7.26605711e+02	2023-06-05T11:04:05.173972	-1.00000000e-01	1.69020000e-09	-5.91645959e+07	3	5.00000000e-02	-3.28000000e-09	-1.52439024e+07
7.26933856e+02	2023-06-05T11:04:05.502143	-1.00000000e-01	6.45460000e-10	-1.54928268e+08	3	2.50000000e-02	-9.85500000e-09	-2.53678336e+06
7.27546034e+02	2023-06-05T11:04:06.114842	-1.00000000e-01	1.12950000e-09	-8.85347499e+07	3	0.00000000e+00	-2.89430000e-09	-0.00000000e+00
7.28167696e+02	2023-06-05T11:04:06.736042	-1.00000000e-01	1.20150000e-09	-8.32292967e+07	3	-2.50000000e-02	-1.11210000e-08	2.24799928e+06
7.28464792e+02	2023-06-05T11:04:07.032947	-1.00000000e-01	3.84850000e-10	-2.59841497e+08	3	-5.00000000e-02	-2.98790000e-09	1.67341611e+07
7.29489558e+02	2023-06-05T11:04:08.058309	-1.00000000e-01	6.48100000e-10	-1.54297176e+08	3	-7.50000000e-02	-6.09250000e-09	1.23102175e+07
7.29868178e+02	2023-06-05T11:04:08.437149	-1.00000000e-01	-9.04300000e-09	1.10582771e+07	3	-1.00000000e-01	-6.06180000e-09	1.64967501e+07
7.30349496e+02	2023-06-05T11:04:08.917816	-1.00000000e-01	-9.33120000e-09	1.07167353e+07	3	-1.25000000e-01	-1.22840000e-08	1.01758385e+07
7.30645612e+02	2023-06-05T11:04:09.213801	-1.00000000e-01	-1.94910000e-08	5.13057309e+06	3	-1.50000000e-01	-3.07970000e-09	4.87060428e+07
7.30984066e+02	2023-06-05T11:04:09.552865	-1.00000000e-01	-3.22080000e-08	3.10481868e+06	3	-1.75000000e-01	-3.31630000e-09	5.27696529e+07
7.31279503e+02	2023-06-05T11:04:09.847658	-1.00000000e-01	-4.37440000e-08	2.28602780e+06	3	-2.00000000e-01	-1.79670000e-09	1.11315189e+08
7.32125611e+02	2023-06-05T11:04:10.694243	-1.00000000e-01	-6.36640000e-08	1.57074642e+06	3	-2.25000000e-01	-2.27250000e-09	9.90099010e+07
7.32954072e+02	2023-06-05T11:04:11.522809	-1.00000000e-01	-7.95600000e-08	1.25691302e+06	3	-2.50000000e-01	-1.75560000e-09	1.42401458e+08
7.33261541e+02	2023-06-05T11:04:11.829722	-1.00000000e-01	-9.76010000e-08	1.02457967e+06	3	-2.75000000e-01	-1.28810000e-09	2.13492741e+08
7.33563020e+02	2023-06-05T11:04:12.131364	-1.00000000e-01	-1.28710000e-07	7.76940409e+05	3	-3.00000000e-01	-3.24720000e-09	9.23872875e+07
7.33865844e+02	2023-06-05T11:04:12.434653	-1.00000000e-01	-1.64170000e-07	6.09124688e+05	3	-3.25000000e-01	-9.04500000e-09	3.59314538e+07
7.34177146e+02	2023-06-05T11:04:12.745276	-1.00000000e-01	-2.11900000e-07	4.71920717e+05	3	-3.50000000e-01	-2.71620000e-09	1.28856491e+08
7.34989636e+02	2023-06-05T11:04:13.558070	-1.00000000e-01	-2.68440000e-07	3.72522724e+05	3	-3.75000000e-01	-4.11910000e-09	9.10393047e+07
7.35295708e+02	2023-06-05T11:04:13.863825	-1.00000000e-01	-3.23230000e-07	3.09377224e+05	3	-4.00000000e-01	-3.99400000e-09	1.00150225e+08
7.35596599e+02	2023-06-05T11:04:14.165346	-1.00000000e-01	-3.89760000e-07	2.56568144e+05	3	-4.25000000e-01	-3.40650000e-09	1.24761485e+08
7.35905489e+02	2023-06-05T11:04:14.474372	-1.00000000e-01	-4.56040000e-07	2.19279011e+05	3	-4.50000000e-01	-2.53730000e-09	1.77353880e+08
7.36206687e+02	2023-06-05T11:04:14.774840	-1.00000000e-01	-5.25190000e-07	1.90407281e+05	3	-4.75000000e-01	-1.91760000e-09	2.47705465e+08
7.36500122e+02	2023-06-05T11:04:15.068388	-1.00000000e-01	-6.06290000e-07	1.64937571e+05	3	-5.00000000e-01	-3.18290000e-09	1.57089447e+08
7.36797972e+02	2023-06-05T11:04:15.366155	-1.00000000e-01	-7.04170000e-07	1.42011162e+05	3	-5.25000000e-01	-2.07200000e-09	2.53378378e+08
7.37097689e+02	2023-06-05T11:04:15.666435	-1.00000000e-01	-8.13540000e-07	1.22919586e+05	3	-5.50000000e-01	-3.50150000e-09	1.57075539e+08
7.37397170e+02	2023-06-05T11:04:15.965790	-1.00000000e-01	-9.22390000e-07	1.08414011e+05	3	-5.75000000e-01	-2.63720000e-09	2.18034279e+08
7.37699216e+02	2023-06-05T11:04:16.268295	-1.00000000e-01	-1.04730000e-06	9.54836246e+04	3	-6.00000000e-01	-2.59110000e-09	2.31561885e+08
7.38545604e+02	2023-06-05T11:04:17.114425	-1.00000000e-01	-1.17640000e-06	8.50051003e+04	3	-6.25000000e-01	-3.85360000e-09	1.62186008e+08
7.38847413e+02	2023-06-05T11:04:17.415710	-1.00000000e-01	-1.27050000e-06	7.87091696e+04	3	-6.50000000e-01	-2.26550000e-09	2.86912381e+08
7.39682438e+02	2023-06-05T11:04:18.250930	-1.00000000e-01	-1.42730000e-06	7.00623555e+04	3	-6.75000000e-01	-3.58670000e-09	1.88195277e+08
7.40047667e+02	2023-06-05T11:04:18.616056	-1.00000000e-01	-1.54870000e-06	6.45702848e+04	3	-7.00000000e-01	-2.81260000e-09	2.48880040e+08
7.40340424e+02	2023-06-05T11:04:18.908802	-1.00000000e-01	-1.67770000e-06	5.96054122e+04	3	-7.25000000e-01	-2.03290000e-09	3.56633381e+08
7.40647467e+02	2023-06-05T11:04:19.216411	-1.00000000e-01	-1.80480000e-06	5.54078014e+04	3	-7.50000000e-01	-3.36170000e-09	2.23101407e+08
7.40940235e+02	2023-06-05T11:04:19.509063	-1.00000000e-01	-1.93260000e-06	5.17437649e+04	3	-7.75000000e-01	-2.80980000e-09	2.75820343e+08
7.41768753e+02	2023-06-05T11:04:20.337530	-1.00000000e-01	-2.07060000e-06	4.82951801e+04	3	-8.00000000e-01	-3.94540000e-09	2.02767780e+08
7.42075766e+02	2023-06-05T11:04:20.644656	-1.00000000e-01	-2.21000000e-06	4.52488688e+04	3	-8.25000000e-01	-3.89790000e-09	2.11652428e+08
7.42391754e+02	2023-06-05T11:04:20.960129	-1.00000000e-01	-2.27840000e-06	4.38904494e+04	3	-8.50000000e-01	-3.69010000e-09	2.30346061e+08
7.42686085e+02	2023-06-05T11:04:21.254327	-1.00000000e-01	-2.36230000e-06	4.23316260e+04	3	-8.75000000e-01	-2.96560000e-09	2.95049906e+08
7.42989225e+02	2023-06-05T11:04:21.558206	-1.00000000e-01	-2.39840000e-06	4.16944630e+04	3	-9.00000000e-01	-2.93900000e-09	3.06226608e+08
7.43821601e+02	2023-06-05T11:04:22.390590	-1.00000000e-01	-2.46750000e-06	4.05268490e+04	3	-9.25000000e-01	-3.89510000e-09	2.37477857e+08
7.44128173e+02	2023-06-05T11:04:22.696715	-1.00000000e-01	-2.54880000e-06	3.92341494e+04	3	-9.50000000e-01	-4.03460000e-09	2.35463243e+08
7.44419562e+02	2023-06-05T11:04:22.988023	-1.00000000e-01	-2.60170000e-06	3.84364070e+04	3	-9.75000000e-01	-2.77620000e-09	3.51199481e+08
7.44710089e+02	2023-06-05T11:04:23.279201	-1.00000000e-01	-2.64560000e-06	3.77986090e+04	3	-1.00000000e+00	-4.25810000e-09	2.34846528e+08
7.44983065e+02	2023-06-05T11:04:23.551962	-1.00000000e-01	-2.65980000e-06	3.75968118e+04	3	-1.00000000e+00	-3.15350000e-09	3.17107975e+08
7.45269730e+02	2023-06-05T11:04:23.838312	-1.00000000e-01	-2.61520000e-06	3.82379933e+04	3	-9.75000000e-01	-1.36490000e-09	7.14338047e+08
7.45571376e+02	2023-06-05T11:04:24.140482	-1.00000000e-01	-2.53150000e-06	3.95022714e+04	3	-9.50000000e-01	-9.58530000e-10	9.91100957e+08
7.46193061e+02	2023-06-05T11:04:24.762038	-1.00000000e-01	-2.59850000e-06	3.84837406e+04	3	-9.25000000e-01	-9.03800000e-10	1.02345652e+09
7.46479705e+02	2023-06-05T11:04:25.048288	-1.00000000e-01	-2.52300000e-06	3.96353547e+04	3	-9.00000000e-01	-1.74860000e-10	5.14697472e+09
7.47187873e+02	2023-06-05T11:04:25.757003	-1.00000000e-01	-2.40810000e-06	4.15265147e+04	3	-8.75000000e-01	1.26210000e-09	-6.93288963e+08
7.47478138e+02	2023-06-05T11:04:26.046564	-1.00000000e-01	-2.32750000e-06	4.29645542e+04	3	-8.50000000e-01	2.16470000e-10	-3.92664111e+09
7.48182514e+02	2023-06-05T11:04:26.751360	-1.00000000e-01	-2.24490000e-06	4.45454140e+04	3	-8.25000000e-01	2.31640000e-10	-3.56156104e+09
7.48887521e+02	2023-06-05T11:04:27.456195	-1.00000000e-01	-2.12100000e-06	4.71475719e+04	3	-8.00000000e-01	3.00590000e-10	-2.66143252e+09
7.49588090e+02	2023-06-05T11:04:28.156681	-1.00000000e-01	-1.99390000e-06	5.01529665e+04	3	-7.75000000e-01	1.76250000e-09	-4.39716312e+08
7.49889482e+02	2023-06-05T11:04:28.457872	-1.00000000e-01	-1.89190000e-06	5.28569163e+04	3	-7.50000000e-01	5.98790000e-10	-1.25252593e+09
7.50595014e+02	2023-06-05T11:04:29.164302	-1.00000000e-01	-1.73720000e-06	5.75638959e+04	3	-7.25000000e-01	1.46890000e-09	-4.93566614e+08
7.50894658e+02	2023-06-05T11:04:29.463274	-1.00000000e-01	-1.63900000e-06	6.10128127e+04	3	-7.00000000e-01	1.46890000e-09	-4.76547076e+08
7.51187649e+02	2023-06-05T11:04:29.756855	-1.00000000e-01	-1.50090000e-06	6.66266907e+04	3	-6.75000000e-01	2.77560000e-09	-2.43190661e+08
7.51484688e+02	2023-06-05T11:04:30.053277	-1.00000000e-01	-1.37700000e-06	7.26216412e+04	3	-6.50000000e-01	2.61210000e-09	-2.48841928e+08
7.51793554e+02	2023-06-05T11:04:30.362521	-1.00000000e-01	-1.23250000e-06	8.11359026e+04	3	-6.25000000e-01	2.50170000e-09	-2.49830116e+08
7.52080595e+02	2023-06-05T11:04:30.649263	-1.00000000e-01	-1.12600000e-06	8.88099467e+04	3	-6.00000000e-01	9.99400000e-10	-6.00360216e+08
7.52938632e+02	2023-06-05T11:04:31.507525	-1.00000000e-01	-9.29300000e-07	1.07607877e+05	3	-5.75000000e-01	2.57650000e-09	-2.23170968e+08
7.53242491e+02	2023-06-05T11:04:31.811191	-1.00000000e-01	-8.30780000e-07	1.20368810e+05	3	-5.50000000e-01	1.85530000e-09	-2.96448014e+08
7.53544612e+02	2023-06-05T11:04:32.113642	-1.00000000e-01	-7.25190000e-07	1.37894897e+05	3	-5.25000000e-01	9.64500000e-10	-5.44323484e+08
7.54488913e+02	2023-06-05T11:04:33.058176	-1.00000000e-01	-5.81150000e-07	1.72072615e+05	3	-5.00000000e-01	2.45400000e-09	-2.03748981e+08
7.54789139e+02	2023-06-05T11:04:33.357759	-1.00000000e-01	-5.13760000e-07	1.94643413e+05	3	-4.75000000e-01	6.58140000e-10	-7.21730939e+08
7.55920742e+02	2023-06-05T11:04:34.489411	-1.00000000e-01	-4.01710000e-07	2.48935799e+05	3	-4.50000000e-01	9.87330000e-10	-4.55774665e+08
7.56615387e+02	2023-06-05T11:04:35.184448	-1.00000000e-01	-3.39030000e-07	2.94959148e+05	3	-4.25000000e-01	1.16150000e-09	-3.65906156e+08
7.56921481e+02	2023-06-05T11:04:35.490815	-1.00000000e-01	-2.78700000e-07	3.58808755e+05	3	-4.00000000e-01	2.13680000e-09	-1.87195807e+08
7.57879564e+02	2023-06-05T11:04:36.448911	-1.00000000e-01	-2.13400000e-07	4.68603561e+05	3	-3.75000000e-01	2.80200000e-09	-1.33832976e+08
7.58165555e+02	2023-06-05T11:04:36.734683	-1.00000000e-01	-1.77490000e-07	5.63412023e+05	3	-3.50000000e-01	1.88110000e-09	-1.86061347e+08
7.58470917e+02	2023-06-05T11:04:37.039610	-1.00000000e-01	-1.46930000e-07	6.80596202e+05	3	-3.25000000e-01	3.03130000e-09	-1.07214726e+08
7.58773650e+02	2023-06-05T11:04:37.342908	-1.00000000e-01	-1.11010000e-07	9.00819746e+05	3	-3.00000000e-01	4.49350000e-09	-6.67631023e+07
7.59076660e+02	2023-06-05T11:04:37.646124	-1.00000000e-01	-7.49720000e-08	1.33383130e+06	3	-2.75000000e-01	4.18980000e-09	-6.56355912e+07
7.59370803e+02	2023-06-05T11:04:37.940002	-1.00000000e-01	-5.03260000e-08	1.98704447e+06	3	-2.50000000e-01	2.67480000e-09	-9.34649320e+07
7.59668748e+02	2023-06-05T11:04:38.238040	-1.00000000e-01	-3.22010000e-08	3.10549362e+06	3	-2.25000000e-01	3.11640000e-09	-7.21986908e+07
7.59986470e+02	2023-06-05T11:04:38.555223	-1.00000000e-01	-2.21990000e-08	4.50470742e+06	3	-2.00000000e-01	4.13020000e-09	-4.84238051e+07
7.60282689e+02	2023-06-05T11:04:38.851239	-1.00000000e-01	-1.65910000e-08	6.02736423e+06	3	-1.75000000e-01	2.47640000e-09	-7.06670974e+07
7.60594341e+02	2023-06-05T11:04:39.162911	-1.00000000e-01	-8.26310000e-09	1.21019956e+07	3	-1.50000000e-01	2.32340000e-09	-6.45605578e+07
7.60883657e+02	2023-06-05T11:04:39.453012	-1.00000000e-01	-5.76550000e-09	1.73445495e+07	3	-1.25000000e-01	2.22910000e-09	-5.60764434e+07
7.61738068e+02	2023-06-05T11:04:40.306884	-1.00000000e-01	-3.70250000e-09	2.70087779e+07	3	-1.00000000e-01	1.08320000e-09	-9.23190547e+07
7.62035566e+02	2023-06-05T11:04:40.604345	-1.00000000e-01	-2.75710000e-09	3.62699938e+07	3	-7.50000000e-02	3.40210000e-09	-2.20452074e+07
7.62333994e+02	2023-06-05T11:04:40.902991	-1.00000000e-01	-1.07670000e-09	9.28763815e+07	3	-5.00000000e-02	3.66200000e-09	-1.36537411e+07
7.62640169e+02	2023-06-05T11:04:41.209128	-1.00000000e-01	-1.25460000e-09	7.97066794e+07	3	-2.50000000e-02	9.85200000e-09	-2.53755583e+06
7.62929085e+02	2023-06-05T11:04:41.498352	-1.00000000e-01	-4.44490000e-10	2.24976940e+08	3	0.00000000e+00	2.03290000e-09	0.00000000e+00
7.63898727e+02	2023-06-05T11:04:42.468275	-1.00000000e-01	-4.35460000e-10	2.29642217e+08	3	2.50000000e-02	2.57560000e-09	9.70647616e+06
7.64920281e+02	2023-06-05T11:04:43.488923	-1.00000000e-01	-1.26960000e-09	7.87649653e+07	3	5.00000000e-02	2.90190000e-09	1.72300906e+07
7.65541790e+02	2023-06-05T11:04:44.111149	-1.00000000e-01	-5.87560000e-10	1.70195384e+08	3	7.50000000e-02	1.12730000e-09	6.65306485e+07
7.66285699e+02	2023-06-05T11:04:44.854379	-1.00000000e-01	-1.25610000e-09	7.96114959e+07	3	1.00000000e-01	1.80570000e-09	5.53801850e+07
7.66897383e+02	2023-06-05T11:04:45.466881	-1.00000000e-01	-6.88140000e-10	1.45319266e+08	3	1.25000000e-01	1.29850000e-09	9.62649211e+07
7.67648108e+02	2023-06-05T11:04:46.217700	-1.00000000e-01	-1.70620000e-09	5.86097761e+07	3	1.50000000e-01	1.97140000e-09	7.60880592e+07
7.68293889e+02	2023-06-05T11:04:46.863393	-1.00000000e-01	-3.47970000e-10	2.87381096e+08	3	1.75000000e-01	3.42100000e-09	5.11546331e+07
7.69133014e+02	2023-06-05T11:04:47.702069	-1.00000000e-01	-9.61120000e-10	1.04045281e+08	3	2.00000000e-01	3.53840000e-09	5.65227221e+07
7.69692058e+02	2023-06-05T11:04:48.261279	-1.00000000e-01	-1.15250000e-09	8.67678959e+07	3	2.25000000e-01	1.25160000e-09	1.79769895e+08
7.70271991e+02	2023-06-05T11:04:48.841250	-1.00000000e-01	-1.69340000e-09	5.90527932e+07	3	2.50000000e-01	2.62170000e-09	9.53579738e+07
7.71143561e+02	2023-06-05T11:04:49.712772	-1.00000000e-01	-1.50330000e-09	6.65203220e+07	3	2.75000000e-01	3.25400000e-09	8.45113706e+07
7.71475140e+02	2023-06-05T11:04:50.044496	-1.00000000e-01	-5.95230000e-10	1.68002285e+08	3	3.00000000e-01	1.21530000e-09	2.46852629e+08
7.72750956e+02	2023-06-05T11:04:51.319779	-1.00000000e-01	-4.61190000e-10	2.16830374e+08	3	3.25000000e-01	2.91180000e-09	1.11614809e+08
7.73783107e+02	2023-06-05T11:04:52.352480	-1.00000000e-01	-1.18390000e-09	8.44665935e+07	3	3.50000000e-01	2.19340000e-09	1.59569618e+08
7.74396139e+02	2023-06-05T11:04:52.965670	-1.00000000e-01	-9.66730000e-10	1.03441499e+08	3	3.75000000e-01	2.28980000e-09	1.63769762e+08
7.75027139e+02	2023-06-05T11:04:53.596680	-1.00000000e-01	-6.64670000e-10	1.50450600e+08	3	4.00000000e-01	2.12710000e-09	1.88049457e+08
7.75916423e+02	2023-06-05T11:04:54.485837	-1.00000000e-01	-2.33480000e-09	4.28302210e+07	3	4.25000000e-01	1.81130000e-09	2.34638105e+08
7.76545514e+02	2023-06-05T11:04:55.114936	-1.00000000e-01	-1.48400000e-09	6.73854447e+07	3	4.50000000e-01	3.28900000e-09	1.36819702e+08
7.77411103e+02	2023-06-05T11:04:55.980783	-1.00000000e-01	-1.89400000e-09	5.27983105e+07	3	4.75000000e-01	3.65650000e-09	1.29905647e+08
7.78240603e+02	2023-06-05T11:04:56.809799	-1.00000000e-01	-1.94330000e-09	5.14588586e+07	3	5.00000000e-01	1.59610000e-09	3.13263580e+08
7.78543853e+02	2023-06-05T11:04:57.113207	-1.00000000e-01	-2.52490000e-09	3.96055289e+07	3	5.25000000e-01	4.06310000e-09	1.29211686e+08
7.78847922e+02	2023-06-05T11:04:57.416873	-1.00000000e-01	-3.21570000e-09	3.10974282e+07	3	5.50000000e-01	3.33720000e-09	1.64808822e+08
7.79146713e+02	2023-06-05T11:04:57.716103	-1.00000000e-01	-1.53330000e-09	6.52188091e+07	3	5.75000000e-01	4.19860000e-09	1.36950412e+08
7.79443944e+02	2023-06-05T11:04:58.013730	-1.00000000e-01	-2.17340000e-09	4.60108586e+07	3	6.00000000e-01	5.55510000e-09	1.08008857e+08
7.79749646e+02	2023-06-05T11:04:58.319316	-1.00000000e-01	-3.22640000e-09	3.09942970e+07	3	6.25000000e-01	3.74680000e-09	1.66809010e+08
7.80052008e+02	2023-06-05T11:04:58.621209	-1.00000000e-01	-3.91010000e-09	2.55747935e+07	3	6.50000000e-01	4.28880000e-09	1.51557545e+08
7.80644859e+02	2023-06-05T11:04:59.214416	-1.00000000e-01	-3.76320000e-09	2.65731293e+07	3	6.75000000e-01	3.61150000e-09	1.86902949e+08
7.80999513e+02	2023-06-05T11:04:59.569163	-1.00000000e-01	-1.77190000e-09	5.64365935e+07	3	7.00000000e-01	4.16930000e-09	1.67893891e+08
7.81326345e+02	2023-06-05T11:04:59.896043	-1.00000000e-01	-2.88000000e-09	3.47222222e+07	3	7.25000000e-01	5.90650000e-09	1.22746127e+08
7.81669597e+02	2023-06-05T11:05:00.239337	-1.00000000e-01	-4.00160000e-09	2.49900040e+07	3	7.50000000e-01	4.06610000e-09	1.84451932e+08
7.81990027e+02	2023-06-05T11:05:00.559014	-1.00000000e-01	-2.77850000e-09	3.59906424e+07	3	7.75000000e-01	5.14770000e-09	1.50552674e+08
7.82317176e+02	2023-06-05T11:05:00.886941	-1.00000000e-01	-1.56040000e-09	6.40861318e+07	3	8.00000000e-01	4.05280000e-09	1.97394394e+08
7.82664633e+02	2023-06-05T11:05:01.233945	-1.00000000e-01	-3.38150000e-09	2.95726748e+07	3	8.25000000e-01	4.40430000e-09	1.87316940e+08
7.82993906e+02	2023-06-05T11:05:01.563846	-1.00000000e-01	-3.60510000e-09	2.77384816e+07	3	8.50000000e-01	4.58390000e-09	1.85431619e+08
7.83316766e+02	2023-06-05T11:05:01.885918	-1.00000000e-01	-2.14120000e-09	4.67027835e+07	3	8.75000000e-01	2.14050000e-09	4.08782995e+08
7.84205286e+02	2023-06-05T11:05:02.774955	-1.00000000e-01	-3.04000000e-09	3.28947368e+07	3	9.00000000e-01	3.14480000e-09	2.86186721e+08
7.84523296e+02	2023-06-05T11:05:03.092779	-1.00000000e-01	-1.65610000e-09	6.03828271e+07	3	9.25000000e-01	1.91750000e-09	4.82398957e+08
7.85397578e+02	2023-06-05T11:05:03.966677	-1.00000000e-01	-2.90000000e-09	3.44827586e+07	3	9.50000000e-01	2.51470000e-09	3.77778661e+08
7.85735887e+02	2023-06-05T11:05:04.305499	-1.00000000e-01	-1.48620000e-09	6.72856951e+07	3	9.75000000e-01	2.66840000e-09	3.65387498e+08
7.86056784e+02	2023-06-05T11:05:04.626527	-1.00000000e-01	-1.18460000e-09	8.44166807e+07	3	1.00000000e+00	2.81660000e-09	3.55037989e+08