Time elapsed	Time stamp	trans_drain Voltage	trans_drain Current	trans_drain Resistance	Loop1 Index	trans_gate Voltage	trans_gate Current	trans_gate Resistance
s		V	A	V/A		V	A	V/A

1.15385724e+02	2023-06-02T11:57:17.027685	-1.00000000e-02	-4.45500000e-11	2.24466891e+08	1	5.00000000e-01	1.08290000e-08	4.61723151e+07
1.16174793e+02	2023-06-02T11:57:17.816855	-1.00000000e-02	1.05590000e-09	-9.47059381e+06	1	4.50000000e-01	8.76440000e-10	5.13440738e+08
1.17517766e+02	2023-06-02T11:57:19.159576	-1.00000000e-02	-7.03270000e-10	1.42192899e+07	1	4.00000000e-01	-2.16490000e-09	-1.84766040e+08
1.17809843e+02	2023-06-02T11:57:19.451954	-1.00000000e-02	2.67460000e-10	-3.73887684e+07	1	3.50000000e-01	-3.42860000e-10	-1.02082483e+09
1.18513887e+02	2023-06-02T11:57:20.155868	-1.00000000e-02	1.80250000e-09	-5.54785021e+06	1	3.00000000e-01	-5.35400000e-11	-5.60328726e+09
1.19746020e+02	2023-06-02T11:57:21.388152	-1.00000000e-02	2.62990000e-10	-3.80242595e+07	1	2.50000000e-01	-9.88600000e-09	-2.52882865e+07
1.20060277e+02	2023-06-02T11:57:21.702404	-1.00000000e-02	1.37240000e-09	-7.28650539e+06	1	2.00000000e-01	-2.87270000e-09	-6.96209141e+07
1.20353060e+02	2023-06-02T11:57:21.995327	-1.00000000e-02	1.60300000e-09	-6.23830318e+06	1	1.50000000e-01	-1.10630000e-08	-1.35587092e+07
1.20640552e+02	2023-06-02T11:57:22.281907	-1.00000000e-02	2.80990000e-09	-3.55884551e+06	1	1.00000000e-01	-2.77430000e-09	-3.60451285e+07
1.21608998e+02	2023-06-02T11:57:23.250941	-1.00000000e-02	2.11240000e-09	-4.73395190e+06	1	5.00000000e-02	-1.04080000e-09	-4.80399693e+07
1.21995851e+02	2023-06-02T11:57:23.637864	-1.00000000e-02	3.50630000e-09	-2.85200924e+06	1	0.00000000e+00	-2.49680000e-09	-0.00000000e+00
1.22342675e+02	2023-06-02T11:57:23.984835	-1.00000000e-02	2.28330000e-09	-4.37962598e+06	1	-5.00000000e-02	-3.63070000e-09	1.37714490e+07
1.22674508e+02	2023-06-02T11:57:24.316587	-1.00000000e-02	1.44230000e-09	-6.93337031e+06	1	-1.00000000e-01	-4.97220000e-09	2.01118217e+07
1.23009477e+02	2023-06-02T11:57:24.651671	-1.00000000e-02	1.67310000e-09	-5.97692905e+06	1	-1.50000000e-01	-3.26530000e-09	4.59375861e+07
1.23845211e+02	2023-06-02T11:57:25.487159	-1.00000000e-02	1.00730000e-09	-9.92752904e+06	1	-2.00000000e-01	-1.68070000e-09	1.18998037e+08
1.24140889e+02	2023-06-02T11:57:25.783066	-1.00000000e-02	1.81740000e-09	-5.50236602e+06	1	-2.50000000e-01	-1.08910000e-08	2.29547333e+07
1.24441498e+02	2023-06-02T11:57:26.083746	-1.00000000e-02	-3.57940000e-09	2.79376432e+06	1	-3.00000000e-01	-1.05540000e-09	2.84252416e+08
1.25312958e+02	2023-06-02T11:57:26.954975	-1.00000000e-02	8.62440000e-09	-1.15950095e+06	1	-3.50000000e-01	-3.25010000e-09	1.07688994e+08
1.25630087e+02	2023-06-02T11:57:27.272220	-1.00000000e-02	-6.85400000e-09	1.45900204e+06	1	-4.00000000e-01	-4.27070000e-09	9.36614607e+07
1.26168925e+02	2023-06-02T11:57:27.810923	-1.00000000e-02	-9.34190000e-09	1.07044605e+06	1	-4.50000000e-01	-2.47110000e-09	1.82105135e+08
1.27004055e+02	2023-06-02T11:57:28.646182	-1.00000000e-02	-1.36720000e-08	7.31421884e+05	1	-5.00000000e-01	-9.07700000e-09	5.50842789e+07
1.27299653e+02	2023-06-02T11:57:28.941391	-1.00000000e-02	-2.18270000e-08	4.58148165e+05	1	-5.50000000e-01	-3.59530000e-09	1.52977498e+08
1.27597811e+02	2023-06-02T11:57:29.239868	-1.00000000e-02	-3.37360000e-08	2.96419255e+05	1	-6.00000000e-01	-1.19840000e-08	5.00667557e+07
1.27898946e+02	2023-06-02T11:57:29.540496	-1.00000000e-02	-4.22520000e-08	2.36675187e+05	1	-6.50000000e-01	-4.47360000e-09	1.45296853e+08
1.28198056e+02	2023-06-02T11:57:29.839914	-1.00000000e-02	-6.71740000e-08	1.48867121e+05	1	-7.00000000e-01	-1.25080000e-08	5.59641829e+07
1.28482189e+02	2023-06-02T11:57:30.123941	-1.00000000e-02	-8.78330000e-08	1.13852424e+05	1	-7.50000000e-01	-5.50350000e-09	1.36276915e+08
1.28775071e+02	2023-06-02T11:57:30.416576	-1.00000000e-02	-1.24860000e-07	8.00897005e+04	1	-8.00000000e-01	-1.26610000e-08	6.31861622e+07
1.29071901e+02	2023-06-02T11:57:30.713513	-1.00000000e-02	-1.70120000e-07	5.87820362e+04	1	-8.50000000e-01	-3.77120000e-09	2.25392448e+08
1.29380029e+02	2023-06-02T11:57:31.022020	-1.00000000e-02	-2.24370000e-07	4.45692383e+04	1	-9.00000000e-01	-4.27170000e-09	2.10688953e+08
1.29670887e+02	2023-06-02T11:57:31.313176	-1.00000000e-02	-2.76080000e-07	3.62213851e+04	1	-9.50000000e-01	-3.85380000e-09	2.46509938e+08
1.29961757e+02	2023-06-02T11:57:31.603864	-1.00000000e-02	-3.30630000e-07	3.02452893e+04	1	-1.00000000e+00	-4.30080000e-09	2.32514881e+08
1.30797025e+02	2023-06-02T11:57:32.439147	-1.00000000e-02	-4.16670000e-07	2.39998080e+04	1	-1.05000000e+00	-3.16490000e-09	3.31764037e+08
1.31093279e+02	2023-06-02T11:57:32.734781	-1.00000000e-02	-4.77260000e-07	2.09529397e+04	1	-1.10000000e+00	-4.63190000e-09	2.37483538e+08
1.31926842e+02	2023-06-02T11:57:33.568491	-1.00000000e-02	-5.93660000e-07	1.68446586e+04	1	-1.15000000e+00	-1.36380000e-08	8.43232145e+07
1.32220544e+02	2023-06-02T11:57:33.862137	-1.00000000e-02	-7.12770000e-07	1.40297712e+04	1	-1.20000000e+00	-1.15490000e-08	1.03905100e+08
1.32513603e+02	2023-06-02T11:57:34.155041	-1.00000000e-02	-8.59430000e-07	1.16356190e+04	1	-1.25000000e+00	-4.76680000e-09	2.62230427e+08
1.32809876e+02	2023-06-02T11:57:34.452255	-1.00000000e-02	-1.04990000e-06	9.52471664e+03	1	-1.30000000e+00	-1.53000000e-08	8.49673203e+07
1.33091941e+02	2023-06-02T11:57:34.733729	-1.00000000e-02	-1.27760000e-06	7.82717595e+03	1	-1.35000000e+00	-1.32170000e-08	1.02141182e+08
1.33388795e+02	2023-06-02T11:57:35.030271	-1.00000000e-02	-1.55780000e-06	6.41930928e+03	1	-1.40000000e+00	-8.20850000e-09	1.70554913e+08
1.33691094e+02	2023-06-02T11:57:35.333356	-1.00000000e-02	-1.90030000e-06	5.26232700e+03	1	-1.45000000e+00	-1.48910000e-08	9.73742529e+07
1.34149260e+02	2023-06-02T11:57:35.790738	-1.00000000e-02	-2.46750000e-06	4.05268490e+03	1	-1.50000000e+00	-1.60340000e-08	9.35512037e+07
1.34541433e+02	2023-06-02T11:57:36.183453	-1.00000000e-02	-2.89010000e-06	3.46008789e+03	1	-1.50000000e+00	-8.95800000e-09	1.67448091e+08
1.34831906e+02	2023-06-02T11:57:36.474114	-1.00000000e-02	-2.89850000e-06	3.45006038e+03	1	-1.45000000e+00	-1.59210000e-09	9.10746812e+08
1.35129899e+02	2023-06-02T11:57:36.772300	-1.00000000e-02	-2.80820000e-06	3.56099993e+03	1	-1.40000000e+00	-2.72450000e-09	5.13855753e+08
1.35427831e+02	2023-06-02T11:57:37.069583	-1.00000000e-02	-2.69140000e-06	3.71553838e+03	1	-1.35000000e+00	-1.48450000e-09	9.09397103e+08
1.35715103e+02	2023-06-02T11:57:37.357159	-1.00000000e-02	-2.53720000e-06	3.94135267e+03	1	-1.30000000e+00	-1.11340000e-09	1.16759475e+09
1.36019241e+02	2023-06-02T11:57:37.661525	-1.00000000e-02	-2.35840000e-06	4.24016282e+03	1	-1.25000000e+00	-1.87300000e-11	6.67378537e+10
1.36725020e+02	2023-06-02T11:57:38.366816	-1.00000000e-02	-2.16490000e-06	4.61915100e+03	1	-1.20000000e+00	3.14560000e-10	-3.81485249e+09
1.37425375e+02	2023-06-02T11:57:39.066998	-1.00000000e-02	-2.00740000e-06	4.98156820e+03	1	-1.15000000e+00	7.99420000e-10	-1.43854294e+09
1.38127004e+02	2023-06-02T11:57:39.768766	-1.00000000e-02	-1.60870000e-06	6.21619942e+03	1	-1.10000000e+00	-1.57520000e-09	6.98324022e+08
1.38442168e+02	2023-06-02T11:57:40.084495	-1.00000000e-02	-1.50420000e-06	6.64805212e+03	1	-1.05000000e+00	6.36010000e-10	-1.65091744e+09
1.39014113e+02	2023-06-02T11:57:40.656384	-1.00000000e-02	-1.38540000e-06	7.21813195e+03	1	-1.00000000e+00	8.61880000e-10	-1.16025433e+09
1.39599247e+02	2023-06-02T11:57:41.241138	-1.00000000e-02	-1.26800000e-06	7.88643533e+03	1	-9.50000000e-01	1.77010000e-09	-5.36692842e+08
1.39896170e+02	2023-06-02T11:57:41.537989	-1.00000000e-02	-1.18210000e-06	8.45952119e+03	1	-9.00000000e-01	2.17180000e-09	-4.14402800e+08
1.40847227e+02	2023-06-02T11:57:42.489246	-1.00000000e-02	-1.05120000e-06	9.51293760e+03	1	-8.50000000e-01	2.72300000e-09	-3.12155711e+08
1.41151684e+02	2023-06-02T11:57:42.794179	-1.00000000e-02	-9.62800000e-07	1.03863731e+04	1	-8.00000000e-01	9.69800000e-09	-8.24912353e+07
1.41441150e+02	2023-06-02T11:57:43.082835	-1.00000000e-02	-8.58460000e-07	1.16487664e+04	1	-7.50000000e-01	1.14540000e-09	-6.54793085e+08
1.41731701e+02	2023-06-02T11:57:43.374093	-1.00000000e-02	-7.61550000e-07	1.31311142e+04	1	-7.00000000e-01	3.37350000e-09	-2.07499629e+08
1.42040999e+02	2023-06-02T11:57:43.682616	-1.00000000e-02	-6.76200000e-07	1.47885241e+04	1	-6.50000000e-01	9.03400000e-09	-7.19504096e+07
1.42779465e+02	2023-06-02T11:57:44.421920	-1.00000000e-02	-5.56110000e-07	1.79820539e+04	1	-6.00000000e-01	1.99780000e-09	-3.00330363e+08
1.43618255e+02	2023-06-02T11:57:45.260497	-1.00000000e-02	-4.51560000e-07	2.21454513e+04	1	-5.50000000e-01	2.10200000e-09	-2.61655566e+08
1.44567708e+02	2023-06-02T11:57:46.209420	-1.00000000e-02	-3.65760000e-07	2.73403325e+04	1	-5.00000000e-01	4.01770000e-09	-1.24449312e+08
1.44876052e+02	2023-06-02T11:57:46.517867	-1.00000000e-02	-3.24550000e-07	3.08118934e+04	1	-4.50000000e-01	4.09240000e-09	-1.09959926e+08
1.45175165e+02	2023-06-02T11:57:46.817346	-1.00000000e-02	-2.68980000e-07	3.71774853e+04	1	-4.00000000e-01	4.49510000e-09	-8.89857845e+07
1.45478085e+02	2023-06-02T11:57:47.119763	-1.00000000e-02	-1.87230000e-07	5.34102441e+04	1	-3.50000000e-01	5.94570000e-09	-5.88660713e+07
1.45790915e+02	2023-06-02T11:57:47.432823	-1.00000000e-02	-1.16370000e-07	8.59328005e+04	1	-3.00000000e-01	1.04270000e-08	-2.87714587e+07
1.46076915e+02	2023-06-02T11:57:47.719185	-1.00000000e-02	-6.98710000e-08	1.43120894e+05	1	-2.50000000e-01	5.04850000e-09	-4.95196593e+07
1.46382707e+02	2023-06-02T11:57:48.025087	-1.00000000e-02	-4.08680000e-08	2.44690222e+05	1	-2.00000000e-01	4.60620000e-09	-4.34197386e+07
1.46693694e+02	2023-06-02T11:57:48.335446	-1.00000000e-02	-2.63910000e-08	3.78917055e+05	1	-1.50000000e-01	5.24310000e-09	-2.86090290e+07
1.46997113e+02	2023-06-02T11:57:48.638777	-1.00000000e-02	-1.23930000e-08	8.06907125e+05	1	-1.00000000e-01	1.41570000e-08	-7.06364343e+06
1.47283916e+02	2023-06-02T11:57:48.925899	-1.00000000e-02	-9.95100000e-09	1.00492413e+06	1	-5.00000000e-02	1.60990000e-08	-3.10578297e+06
1.47565700e+02	2023-06-02T11:57:49.208074	-1.00000000e-02	-9.42900000e-09	1.06055785e+06	1	0.00000000e+00	1.48730000e-08	0.00000000e+00
1.47862352e+02	2023-06-02T11:57:49.504660	-1.00000000e-02	-1.05190000e-08	9.50660709e+05	1	5.00000000e-02	1.49490000e-08	3.34470533e+06
1.48169717e+02	2023-06-02T11:57:49.812257	-1.00000000e-02	-4.87460000e-09	2.05145038e+06	1	1.00000000e-01	5.58130000e-09	1.79169727e+07
1.48546235e+02	2023-06-02T11:57:50.188254	-1.00000000e-02	-2.86140000e-09	3.49479276e+06	1	1.50000000e-01	3.61240000e-09	4.15236408e+07
1.48888061e+02	2023-06-02T11:57:50.530367	-1.00000000e-02	-1.96620000e-09	5.08595260e+06	1	2.00000000e-01	5.65010000e-09	3.53976036e+07
1.49211957e+02	2023-06-02T11:57:50.854304	-1.00000000e-02	-4.23520000e-09	2.36116358e+06	1	2.50000000e-01	5.04990000e-09	4.95059308e+07
1.49555383e+02	2023-06-02T11:57:51.197586	-1.00000000e-02	-4.62810000e-09	2.16071390e+06	1	3.00000000e-01	4.91650000e-09	6.10190176e+07
1.49895989e+02	2023-06-02T11:57:51.537558	-1.00000000e-02	-2.09410000e-09	4.77532114e+06	1	3.50000000e-01	3.82370000e-09	9.15343777e+07
1.50226005e+02	2023-06-02T11:57:51.867926	-1.00000000e-02	-2.69630000e-09	3.70878611e+06	1	4.00000000e-01	4.60760000e-09	8.68130914e+07
1.50559146e+02	2023-06-02T11:57:52.200834	-1.00000000e-02	-4.49550000e-09	2.22444667e+06	1	4.50000000e-01	4.28130000e-09	1.05108262e+08
1.50885148e+02	2023-06-02T11:57:52.527496	-1.00000000e-02	-3.61870000e-09	2.76342333e+06	1	5.00000000e-01	6.22520000e-09	8.03187046e+07
1.51191386e+02	2023-06-02T11:57:52.833776	-1.00000000e-02	-2.41910000e-09	4.13376876e+06	2	5.00000000e-01	3.92710000e-09	1.27320415e+08
1.51487482e+02	2023-06-02T11:57:53.129154	-1.00000000e-02	-2.41910000e-09	4.13376876e+06	2	4.50000000e-01	3.00740000e-09	1.49630910e+08
1.52430280e+02	2023-06-02T11:57:54.072605	-1.00000000e-02	4.85470000e-09	-2.05985952e+06	2	4.00000000e-01	1.35150000e-09	2.95967444e+08
1.52725510e+02	2023-06-02T11:57:54.368030	-1.00000000e-02	1.74310000e-09	-5.73690551e+06	2	3.50000000e-01	-3.53870000e-09	-9.89063780e+07
1.53300517e+02	2023-06-02T11:57:54.943092	-1.00000000e-02	1.35090000e-09	-7.40247243e+06	2	3.00000000e-01	-1.52980000e-09	-1.96104066e+08
1.53630570e+02	2023-06-02T11:57:55.272829	-1.00000000e-02	4.60870000e-10	-2.16980927e+07	2	2.50000000e-01	1.73430000e-10	1.44150378e+09
1.54998391e+02	2023-06-02T11:57:56.640180	-1.00000000e-02	1.26060000e-10	-7.93273045e+07	2	2.00000000e-01	-2.12440000e-09	-9.41442290e+07
1.55300699e+02	2023-06-02T11:57:56.942992	-1.00000000e-02	2.99140000e-09	-3.34291636e+06	2	1.50000000e-01	-1.07570000e-08	-1.39444083e+07
1.55638306e+02	2023-06-02T11:57:57.280898	-1.00000000e-02	2.79110000e-09	-3.58281681e+06	2	1.00000000e-01	-2.27950000e-09	-4.38692696e+07
1.55942194e+02	2023-06-02T11:57:57.584660	-1.00000000e-02	7.78530000e-10	-1.28447202e+07	2	5.00000000e-02	-3.36240000e-09	-1.48703307e+07
1.56567504e+02	2023-06-02T11:57:58.209720	-1.00000000e-02	1.04230000e-09	-9.59416675e+06	2	0.00000000e+00	-9.42800000e-09	-0.00000000e+00
1.57195564e+02	2023-06-02T11:57:58.837351	-1.00000000e-02	2.83540000e-09	-3.52683925e+06	2	-5.00000000e-02	-1.05400000e-08	4.74383302e+06
1.57527130e+02	2023-06-02T11:57:59.169592	-1.00000000e-02	1.71380000e-09	-5.83498658e+06	2	-1.00000000e-01	-1.22960000e-08	8.13272609e+06
1.57862740e+02	2023-06-02T11:57:59.505239	-1.00000000e-02	-5.62800000e-10	1.77683014e+07	2	-1.50000000e-01	-3.34800000e-09	4.48028674e+07
1.58608134e+02	2023-06-02T11:58:00.250353	-1.00000000e-02	-1.85490000e-10	5.39112621e+07	2	-2.00000000e-01	-1.14280000e-08	1.75008750e+07
1.58976099e+02	2023-06-02T11:58:00.618416	-1.00000000e-02	-9.98400000e-09	1.00160256e+06	2	-2.50000000e-01	-4.38040000e-09	5.70724135e+07
1.59473220e+02	2023-06-02T11:58:01.115534	-1.00000000e-02	-7.73800000e-09	1.29232360e+06	2	-3.00000000e-01	-3.44370000e-09	8.71156024e+07
1.60307019e+02	2023-06-02T11:58:01.948883	-1.00000000e-02	-1.14390000e-08	8.74202290e+05	2	-3.50000000e-01	-3.60980000e-09	9.69582802e+07
1.60613014e+02	2023-06-02T11:58:02.255116	-1.00000000e-02	-2.44140000e-08	4.09601049e+05	2	-4.00000000e-01	-1.03550000e-08	3.86286818e+07
1.60911401e+02	2023-06-02T11:58:02.553424	-1.00000000e-02	-3.15750000e-08	3.16706255e+05	2	-4.50000000e-01	-4.91000000e-09	9.16496945e+07
1.61203260e+02	2023-06-02T11:58:02.845674	-1.00000000e-02	-3.13740000e-08	3.18735258e+05	2	-5.00000000e-01	-1.19960000e-08	4.16805602e+07
1.61490364e+02	2023-06-02T11:58:03.132697	-1.00000000e-02	-5.21500000e-08	1.91754554e+05	2	-5.50000000e-01	-3.67220000e-09	1.49773977e+08
1.61818883e+02	2023-06-02T11:58:03.461262	-1.00000000e-02	-6.61970000e-08	1.51064248e+05	2	-6.00000000e-01	-5.40290000e-09	1.11051472e+08
1.62128504e+02	2023-06-02T11:58:03.771143	-1.00000000e-02	-9.62490000e-08	1.03897183e+05	2	-6.50000000e-01	-1.24120000e-08	5.23686755e+07
1.62422177e+02	2023-06-02T11:58:04.064693	-1.00000000e-02	-1.28060000e-07	7.80883961e+04	2	-7.00000000e-01	-1.16650000e-08	6.00085727e+07
1.62725141e+02	2023-06-02T11:58:04.367023	-1.00000000e-02	-1.67890000e-07	5.95628090e+04	2	-7.50000000e-01	-3.90970000e-09	1.91830575e+08
1.63012397e+02	2023-06-02T11:58:04.654390	-1.00000000e-02	-2.11060000e-07	4.73798920e+04	2	-8.00000000e-01	-3.87340000e-09	2.06536893e+08
1.63316900e+02	2023-06-02T11:58:04.959451	-1.00000000e-02	-2.68460000e-07	3.72494971e+04	2	-8.50000000e-01	-5.09410000e-09	1.66859700e+08
1.63621307e+02	2023-06-02T11:58:05.263835	-1.00000000e-02	-3.48710000e-07	2.86771243e+04	2	-9.00000000e-01	-1.11150000e-08	8.09716599e+07
1.63920636e+02	2023-06-02T11:58:05.562792	-1.00000000e-02	-4.26810000e-07	2.34296291e+04	2	-9.50000000e-01	-3.97450000e-09	2.39023777e+08
1.64740951e+02	2023-06-02T11:58:06.382996	-1.00000000e-02	-5.22380000e-07	1.91431525e+04	2	-1.00000000e+00	-1.03930000e-08	9.62186087e+07
1.65033216e+02	2023-06-02T11:58:06.675660	-1.00000000e-02	-6.01170000e-07	1.66342299e+04	2	-1.05000000e+00	-3.69990000e-09	2.83791454e+08
1.65329990e+02	2023-06-02T11:58:06.972215	-1.00000000e-02	-6.92520000e-07	1.44400162e+04	2	-1.10000000e+00	-5.78400000e-09	1.90179806e+08
1.65631273e+02	2023-06-02T11:58:07.273684	-1.00000000e-02	-7.80890000e-07	1.28059010e+04	2	-1.15000000e+00	-1.39440000e-08	8.24727481e+07
1.65925445e+02	2023-06-02T11:58:07.567374	-1.00000000e-02	-9.27930000e-07	1.07766750e+04	2	-1.20000000e+00	-1.22320000e-08	9.81033355e+07
1.66226378e+02	2023-06-02T11:58:07.868795	-1.00000000e-02	-1.09250000e-06	9.15331808e+03	2	-1.25000000e+00	-4.61050000e-09	2.71120269e+08
1.66515871e+02	2023-06-02T11:58:08.157904	-1.00000000e-02	-1.30280000e-06	7.67577525e+03	2	-1.30000000e+00	-6.35180000e-09	2.04666394e+08
1.66811960e+02	2023-06-02T11:58:08.453768	-1.00000000e-02	-1.53640000e-06	6.50872169e+03	2	-1.35000000e+00	-6.00380000e-09	2.24857590e+08
1.67121450e+02	2023-06-02T11:58:08.764030	-1.00000000e-02	-1.86480000e-06	5.36250536e+03	2	-1.40000000e+00	-8.11740000e-09	1.72469017e+08
1.67417891e+02	2023-06-02T11:58:09.059645	-1.00000000e-02	-2.23260000e-06	4.47908268e+03	2	-1.45000000e+00	-1.57150000e-08	9.22685332e+07
1.67704427e+02	2023-06-02T11:58:09.346990	-1.00000000e-02	-2.71910000e-06	3.67768747e+03	2	-1.50000000e+00	-2.16630000e-08	6.92424872e+07
1.67961221e+02	2023-06-02T11:58:09.603083	-1.00000000e-02	-2.98760000e-06	3.34716830e+03	2	-1.50000000e+00	-1.57660000e-08	9.51414436e+07
1.68251719e+02	2023-06-02T11:58:09.893716	-1.00000000e-02	-3.03140000e-06	3.29880583e+03	2	-1.45000000e+00	-4.17430000e-09	3.47363630e+08
1.68547039e+02	2023-06-02T11:58:10.188733	-1.00000000e-02	-2.94950000e-06	3.39040515e+03	2	-1.40000000e+00	-3.06130000e-09	4.57322053e+08
1.68848043e+02	2023-06-02T11:58:10.490519	-1.00000000e-02	-2.84110000e-06	3.51976347e+03	2	-1.35000000e+00	-1.13930000e-09	1.18493812e+09
1.69145216e+02	2023-06-02T11:58:10.787881	-1.00000000e-02	-2.70880000e-06	3.69167159e+03	2	-1.30000000e+00	1.74630000e-09	-7.44431083e+08
1.69435364e+02	2023-06-02T11:58:11.077261	-1.00000000e-02	-2.56100000e-06	3.90472472e+03	2	-1.25000000e+00	2.51550000e-09	-4.96919102e+08
1.69741592e+02	2023-06-02T11:58:11.384013	-1.00000000e-02	-2.39340000e-06	4.17815660e+03	2	-1.20000000e+00	7.10990000e-10	-1.68778745e+09
1.70435448e+02	2023-06-02T11:58:12.077940	-1.00000000e-02	-2.19400000e-06	4.55788514e+03	2	-1.15000000e+00	2.35690000e-09	-4.87929059e+08
1.70723076e+02	2023-06-02T11:58:12.364957	-1.00000000e-02	-1.78220000e-06	5.61104253e+03	2	-1.10000000e+00	8.19600000e-11	-1.34211811e+10
1.71449429e+02	2023-06-02T11:58:13.091793	-1.00000000e-02	-1.67520000e-06	5.96943649e+03	2	-1.05000000e+00	5.46290000e-10	-1.92205605e+09
1.72145944e+02	2023-06-02T11:58:13.788419	-1.00000000e-02	-1.54800000e-06	6.45994832e+03	2	-1.00000000e+00	8.22840000e-10	-1.21530310e+09
1.72861423e+02	2023-06-02T11:58:14.503835	-1.00000000e-02	-1.43570000e-06	6.96524344e+03	2	-9.50000000e-01	1.68840000e-09	-5.62662876e+08
1.73160658e+02	2023-06-02T11:58:14.802378	-1.00000000e-02	-1.32350000e-06	7.55572346e+03	2	-9.00000000e-01	3.06190000e-09	-2.93935138e+08
1.73453330e+02	2023-06-02T11:58:15.095374	-1.00000000e-02	-1.22420000e-06	8.16859990e+03	2	-8.50000000e-01	9.02100000e-09	-9.42245871e+07
1.73787375e+02	2023-06-02T11:58:15.429989	-1.00000000e-02	-1.10990000e-06	9.00982070e+03	2	-8.00000000e-01	1.33410000e-09	-5.99655198e+08
1.74083037e+02	2023-06-02T11:58:15.725155	-1.00000000e-02	-1.00340000e-06	9.96611521e+03	2	-7.50000000e-01	1.15870000e-09	-6.47277121e+08
1.74379311e+02	2023-06-02T11:58:16.021278	-1.00000000e-02	-9.11800000e-07	1.09673174e+04	2	-7.00000000e-01	4.08680000e-09	-1.71283156e+08
1.74682798e+02	2023-06-02T11:58:16.324847	-1.00000000e-02	-7.97330000e-07	1.25418585e+04	2	-6.50000000e-01	1.89860000e-09	-3.42357527e+08
1.74979130e+02	2023-06-02T11:58:16.621717	-1.00000000e-02	-6.93170000e-07	1.44264755e+04	2	-6.00000000e-01	9.07800000e-09	-6.60938533e+07
1.75277615e+02	2023-06-02T11:58:16.919902	-1.00000000e-02	-6.03450000e-07	1.65713812e+04	2	-5.50000000e-01	1.08740000e-08	-5.05793636e+07
1.75577107e+02	2023-06-02T11:58:17.219668	-1.00000000e-02	-5.32540000e-07	1.87779322e+04	2	-5.00000000e-01	3.43570000e-09	-1.45530751e+08
1.76405505e+02	2023-06-02T11:58:18.047519	-1.00000000e-02	-4.13360000e-07	2.41919876e+04	2	-4.50000000e-01	3.97230000e-09	-1.13284495e+08
1.77242135e+02	2023-06-02T11:58:18.884796	-1.00000000e-02	-3.14670000e-07	3.17793244e+04	2	-4.00000000e-01	9.19300000e-09	-4.35113673e+07
1.77536422e+02	2023-06-02T11:58:19.178896	-1.00000000e-02	-2.39340000e-07	4.17815660e+04	2	-3.50000000e-01	1.61630000e-08	-2.16543958e+07
1.77826673e+02	2023-06-02T11:58:19.469121	-1.00000000e-02	-1.51690000e-07	6.59239238e+04	2	-3.00000000e-01	1.34610000e-08	-2.22866057e+07
1.78112828e+02	2023-06-02T11:58:19.754728	-1.00000000e-02	-9.38400000e-08	1.06564365e+05	2	-2.50000000e-01	1.31610000e-08	-1.89955171e+07
1.78412265e+02	2023-06-02T11:58:20.054859	-1.00000000e-02	-5.57280000e-08	1.79443009e+05	2	-2.00000000e-01	4.22470000e-09	-4.73406396e+07
1.78704453e+02	2023-06-02T11:58:20.346423	-1.00000000e-02	-2.66190000e-08	3.75671513e+05	2	-1.50000000e-01	9.07200000e-09	-1.65343915e+07
1.79449096e+02	2023-06-02T11:58:21.091402	-1.00000000e-02	-1.62450000e-08	6.15574023e+05	2	-1.00000000e-01	4.00390000e-09	-2.49756487e+07
1.79753150e+02	2023-06-02T11:58:21.395587	-1.00000000e-02	-1.13350000e-08	8.82223202e+05	2	-5.00000000e-02	1.17430000e-08	-4.25785574e+06
1.80039081e+02	2023-06-02T11:58:21.680910	-1.00000000e-02	-1.17080000e-08	8.54116843e+05	2	0.00000000e+00	1.17680000e-08	0.00000000e+00
1.80332188e+02	2023-06-02T11:58:21.974346	-1.00000000e-02	-1.16030000e-08	8.61846074e+05	2	5.00000000e-02	1.59850000e-08	3.12793244e+06
1.80621348e+02	2023-06-02T11:58:22.263870	-1.00000000e-02	-4.28120000e-09	2.33579370e+06	2	1.00000000e-01	9.83800000e-09	1.01646676e+07
1.80960466e+02	2023-06-02T11:58:22.602285	-1.00000000e-02	-2.11210000e-09	4.73462431e+06	2	1.50000000e-01	3.63360000e-09	4.12813738e+07
1.81294216e+02	2023-06-02T11:58:22.936657	-1.00000000e-02	-3.79250000e-09	2.63678312e+06	2	2.00000000e-01	4.43090000e-09	4.51375567e+07
1.81617382e+02	2023-06-02T11:58:23.259946	-1.00000000e-02	-4.67100000e-09	2.14086919e+06	2	2.50000000e-01	3.79640000e-09	6.58518597e+07
1.81954219e+02	2023-06-02T11:58:23.596286	-1.00000000e-02	-2.68420000e-09	3.72550481e+06	2	3.00000000e-01	3.88590000e-09	7.72021925e+07
1.82298201e+02	2023-06-02T11:58:23.940276	-1.00000000e-02	-2.45270000e-09	4.07713948e+06	2	3.50000000e-01	6.12380000e-09	5.71540547e+07
1.82629892e+02	2023-06-02T11:58:24.271815	-1.00000000e-02	-4.37240000e-09	2.28707346e+06	2	4.00000000e-01	4.11550000e-09	9.71935366e+07
1.82968155e+02	2023-06-02T11:58:24.610596	-1.00000000e-02	-3.89370000e-09	2.56825128e+06	2	4.50000000e-01	5.26760000e-09	8.54278989e+07
1.83292107e+02	2023-06-02T11:58:24.934651	-1.00000000e-02	-1.81620000e-09	5.50600154e+06	2	5.00000000e-01	4.76530000e-09	1.04925188e+08
1.83594180e+02	2023-06-02T11:58:25.236862	-1.00000000e-02	-3.26150000e-09	3.06607389e+06	3	5.00000000e-01	2.73160000e-09	1.83042905e+08
1.83879514e+02	2023-06-02T11:58:25.521859	-1.00000000e-02	-5.53450000e-10	1.80684795e+07	3	4.50000000e-01	2.51640000e-09	1.78826896e+08
1.84289156e+02	2023-06-02T11:58:25.931678	-1.00000000e-02	-1.29330000e-09	7.73215805e+06	3	4.00000000e-01	-3.28560000e-09	-1.21743365e+08
1.84908397e+02	2023-06-02T11:58:26.550409	-1.00000000e-02	1.72520000e-09	-5.79642940e+06	3	3.50000000e-01	-2.06650000e-09	-1.69368497e+08
1.85243800e+02	2023-06-02T11:58:26.886527	-1.00000000e-02	2.69390000e-10	-3.71209028e+07	3	3.00000000e-01	2.80020000e-10	1.07135205e+09
1.86478528e+02	2023-06-02T11:58:28.121126	-1.00000000e-02	-2.30370000e-10	4.34084299e+07	3	2.50000000e-01	-6.71720000e-09	-3.72178884e+07
1.86782214e+02	2023-06-02T11:58:28.424822	-1.00000000e-02	3.28070000e-10	-3.04812997e+07	3	2.00000000e-01	-1.28540000e-10	-1.55593590e+09
1.88149091e+02	2023-06-02T11:58:29.791814	-1.00000000e-02	3.08270000e-10	-3.24390956e+07	3	1.50000000e-01	-9.46700000e-09	-1.58445125e+07
1.88442675e+02	2023-06-02T11:58:30.084744	-1.00000000e-02	2.84200000e-09	-3.51864884e+06	3	1.00000000e-01	-2.23000000e-09	-4.48430493e+07
1.88792311e+02	2023-06-02T11:58:30.435018	-1.00000000e-02	2.05240000e-09	-4.87234457e+06	3	5.00000000e-02	-4.04430000e-09	-1.23630789e+07
1.89130222e+02	2023-06-02T11:58:30.772783	-1.00000000e-02	2.17390000e-09	-4.60002760e+06	3	0.00000000e+00	-4.46560000e-09	-0.00000000e+00
1.89470651e+02	2023-06-02T11:58:31.113254	-1.00000000e-02	3.92020000e-09	-2.55089026e+06	3	-5.00000000e-02	-1.43150000e-08	3.49283968e+06
1.89796179e+02	2023-06-02T11:58:31.438104	-1.00000000e-02	9.24400000e-09	-1.08178278e+06	3	-1.00000000e-01	-1.59770000e-08	6.25899731e+06
1.90095042e+02	2023-06-02T11:58:31.737269	-1.00000000e-02	4.34070000e-09	-2.30377589e+06	3	-1.50000000e-01	-1.46610000e-08	1.02312257e+07
1.90390790e+02	2023-06-02T11:58:32.032965	-1.00000000e-02	-6.09740000e-09	1.64004330e+06	3	-2.00000000e-01	-3.30670000e-09	6.04832613e+07
1.91024832e+02	2023-06-02T11:58:32.667488	-1.00000000e-02	-1.07610000e-08	9.29281665e+05	3	-2.50000000e-01	-2.51700000e-09	9.93245928e+07
1.91322724e+02	2023-06-02T11:58:32.965046	-1.00000000e-02	-1.73090000e-08	5.77734127e+05	3	-3.00000000e-01	-9.63900000e-09	3.11235605e+07
1.91616248e+02	2023-06-02T11:58:33.258098	-1.00000000e-02	-2.15150000e-08	4.64792006e+05	3	-3.50000000e-01	-4.50990000e-09	7.76070423e+07
1.91910264e+02	2023-06-02T11:58:33.552994	-1.00000000e-02	-3.93570000e-08	2.54084407e+05	3	-4.00000000e-01	-1.05590000e-08	3.78823752e+07
1.92204685e+02	2023-06-02T11:58:33.847077	-1.00000000e-02	-4.83570000e-08	2.06795293e+05	3	-4.50000000e-01	-4.78800000e-09	9.39849624e+07
1.92499646e+02	2023-06-02T11:58:34.142260	-1.00000000e-02	-6.74610000e-08	1.48233794e+05	3	-5.00000000e-01	-3.45470000e-09	1.44730367e+08
1.93339439e+02	2023-06-02T11:58:34.981581	-1.00000000e-02	-9.35530000e-08	1.06891281e+05	3	-5.50000000e-01	-9.40300000e-09	5.84919706e+07
1.93639512e+02	2023-06-02T11:58:35.281844	-1.00000000e-02	-1.22060000e-07	8.19269212e+04	3	-6.00000000e-01	-4.99200000e-09	1.20192308e+08
1.93944115e+02	2023-06-02T11:58:35.586945	-1.00000000e-02	-1.38960000e-07	7.19631549e+04	3	-6.50000000e-01	-4.34760000e-09	1.49507774e+08
1.94770133e+02	2023-06-02T11:58:36.412356	-1.00000000e-02	-2.03470000e-07	4.91472944e+04	3	-7.00000000e-01	-3.97470000e-09	1.76113921e+08
1.95080515e+02	2023-06-02T11:58:36.722725	-1.00000000e-02	-2.37950000e-07	4.20256356e+04	3	-7.50000000e-01	-5.80610000e-09	1.29174489e+08
1.95373345e+02	2023-06-02T11:58:37.016013	-1.00000000e-02	-2.99790000e-07	3.33566830e+04	3	-8.00000000e-01	-1.27560000e-08	6.27155848e+07
1.95665603e+02	2023-06-02T11:58:37.308003	-1.00000000e-02	-3.67890000e-07	2.71820381e+04	3	-8.50000000e-01	-5.70930000e-09	1.48879898e+08
1.95969152e+02	2023-06-02T11:58:37.611726	-1.00000000e-02	-4.69910000e-07	2.12806708e+04	3	-9.00000000e-01	-1.14410000e-08	7.86644524e+07
1.96263120e+02	2023-06-02T11:58:37.905906	-1.00000000e-02	-5.56790000e-07	1.79600927e+04	3	-9.50000000e-01	-4.30420000e-09	2.20714651e+08
1.97094166e+02	2023-06-02T11:58:38.736425	-1.00000000e-02	-6.81750000e-07	1.46681335e+04	3	-1.00000000e+00	-1.03930000e-08	9.62186087e+07
1.97379453e+02	2023-06-02T11:58:39.022139	-1.00000000e-02	-7.74610000e-07	1.29097223e+04	3	-1.05000000e+00	-1.70520000e-09	6.15763547e+08
1.97676469e+02	2023-06-02T11:58:39.319187	-1.00000000e-02	-8.76410000e-07	1.14101847e+04	3	-1.10000000e+00	-3.24510000e-09	3.38972605e+08
1.97988413e+02	2023-06-02T11:58:39.630911	-1.00000000e-02	-9.64760000e-07	1.03652722e+04	3	-1.15000000e+00	-5.09380000e-09	2.25764655e+08
1.98304584e+02	2023-06-02T11:58:39.946668	-1.00000000e-02	-1.12990000e-06	8.85034074e+03	3	-1.20000000e+00	-5.21770000e-09	2.29986392e+08
1.99133502e+02	2023-06-02T11:58:40.776009	-1.00000000e-02	-1.37380000e-06	7.27907992e+03	3	-1.25000000e+00	-1.21170000e-08	1.03160848e+08
1.99425236e+02	2023-06-02T11:58:41.067679	-1.00000000e-02	-1.58410000e-06	6.31273278e+03	3	-1.30000000e+00	-4.31330000e-09	3.01393365e+08
1.99720354e+02	2023-06-02T11:58:41.363005	-1.00000000e-02	-1.83000000e-06	5.46448087e+03	3	-1.35000000e+00	-7.04450000e-09	1.91638867e+08
2.00020412e+02	2023-06-02T11:58:41.662574	-1.00000000e-02	-2.11840000e-06	4.72054381e+03	3	-1.40000000e+00	-6.32870000e-09	2.21214467e+08
2.00323357e+02	2023-06-02T11:58:41.965921	-1.00000000e-02	-2.49970000e-06	4.00048006e+03	3	-1.45000000e+00	-8.17420000e-09	1.77387390e+08
2.00621162e+02	2023-06-02T11:58:42.263161	-1.00000000e-02	-3.01530000e-06	3.31641959e+03	3	-1.50000000e+00	-1.73820000e-08	8.62961685e+07
2.00882270e+02	2023-06-02T11:58:42.524346	-1.00000000e-02	-3.29360000e-06	3.03619140e+03	3	-1.50000000e+00	-9.50370000e-09	1.57833265e+08
2.01196099e+02	2023-06-02T11:58:42.838767	-1.00000000e-02	-3.32370000e-06	3.00869513e+03	3	-1.45000000e+00	-4.68670000e-09	3.09386135e+08
2.01488311e+02	2023-06-02T11:58:43.131137	-1.00000000e-02	-3.25980000e-06	3.06767286e+03	3	-1.40000000e+00	-2.90130000e-09	4.82542309e+08
2.01786608e+02	2023-06-02T11:58:43.428545	-1.00000000e-02	-3.15730000e-06	3.16726317e+03	3	-1.35000000e+00	-1.21480000e-09	1.11129404e+09
2.03148583e+02	2023-06-02T11:58:44.790773	-1.00000000e-02	-3.08180000e-06	3.24485690e+03	3	-1.30000000e+00	1.86990000e-09	-6.95224344e+08
2.03435702e+02	2023-06-02T11:58:45.078429	-1.00000000e-02	-2.95850000e-06	3.38009126e+03	3	-1.25000000e+00	1.68040000e-10	-7.43870507e+09
2.04140339e+02	2023-06-02T11:58:45.782746	-1.00000000e-02	-2.76110000e-06	3.62174496e+03	3	-1.20000000e+00	2.64900000e-09	-4.53001133e+08
2.04434262e+02	2023-06-02T11:58:46.076372	-1.00000000e-02	-2.62100000e-06	3.81533766e+03	3	-1.15000000e+00	-1.19240000e-09	9.64441463e+08
2.05387623e+02	2023-06-02T11:58:47.030299	-1.00000000e-02	-2.12290000e-06	4.71053747e+03	3	-1.10000000e+00	1.87410000e-09	-5.86948402e+08
2.05700356e+02	2023-06-02T11:58:47.342533	-1.00000000e-02	-2.04350000e-06	4.89356496e+03	3	-1.05000000e+00	6.38030000e-10	-1.64569064e+09
2.06410797e+02	2023-06-02T11:58:48.052977	-1.00000000e-02	-1.91580000e-06	5.21975154e+03	3	-1.00000000e+00	2.57070000e-09	-3.88999105e+08
2.06702515e+02	2023-06-02T11:58:48.344794	-1.00000000e-02	-1.80420000e-06	5.54262277e+03	3	-9.50000000e-01	2.31010000e-09	-4.11237609e+08
2.07004652e+02	2023-06-02T11:58:48.646807	-1.00000000e-02	-1.67710000e-06	5.96267366e+03	3	-9.00000000e-01	9.35300000e-09	-9.62258099e+07
2.07338307e+02	2023-06-02T11:58:48.981104	-1.00000000e-02	-1.54350000e-06	6.47878199e+03	3	-8.50000000e-01	1.59190000e-09	-5.33953138e+08
2.07647175e+02	2023-06-02T11:58:49.289452	-1.00000000e-02	-1.42020000e-06	7.04126179e+03	3	-8.00000000e-01	9.37900000e-09	-8.52969400e+07
2.07975456e+02	2023-06-02T11:58:49.618140	-1.00000000e-02	-1.28730000e-06	7.76819700e+03	3	-7.50000000e-01	1.60860000e-09	-4.66243939e+08
2.08274221e+02	2023-06-02T11:58:49.917149	-1.00000000e-02	-1.16410000e-06	8.59032729e+03	3	-7.00000000e-01	1.40180000e-09	-4.99357968e+08
2.08577563e+02	2023-06-02T11:58:50.219625	-1.00000000e-02	-1.03440000e-06	9.66744006e+03	3	-6.50000000e-01	2.34850000e-09	-2.76772408e+08
2.09407786e+02	2023-06-02T11:58:51.050127	-1.00000000e-02	-8.87390000e-07	1.12690024e+04	3	-6.00000000e-01	9.93400000e-09	-6.03986310e+07
2.09733598e+02	2023-06-02T11:58:51.376390	-1.00000000e-02	-7.94060000e-07	1.25935068e+04	3	-5.50000000e-01	2.08230000e-09	-2.64131009e+08
2.10033275e+02	2023-06-02T11:58:51.675716	-1.00000000e-02	-7.07350000e-07	1.41372729e+04	3	-5.00000000e-01	1.39140000e-09	-3.59350295e+08
2.10341479e+02	2023-06-02T11:58:51.983771	-1.00000000e-02	-6.08350000e-07	1.64379058e+04	3	-4.50000000e-01	2.67290000e-09	-1.68356467e+08
2.10640969e+02	2023-06-02T11:58:52.283876	-1.00000000e-02	-4.92960000e-07	2.02856216e+04	3	-4.00000000e-01	1.10340000e-08	-3.62515860e+07
2.10938237e+02	2023-06-02T11:58:52.580985	-1.00000000e-02	-3.63320000e-07	2.75239458e+04	3	-3.50000000e-01	8.24310000e-09	-4.24597542e+07
2.11235460e+02	2023-06-02T11:58:52.878361	-1.00000000e-02	-2.29930000e-07	4.34914974e+04	3	-3.00000000e-01	5.65050000e-09	-5.30926467e+07
2.11533566e+02	2023-06-02T11:58:53.175900	-1.00000000e-02	-1.50710000e-07	6.63525977e+04	3	-2.50000000e-01	9.60300000e-09	-2.60335312e+07
2.11831944e+02	2023-06-02T11:58:53.474767	-1.00000000e-02	-1.01940000e-07	9.80969198e+04	3	-2.00000000e-01	1.07970000e-08	-1.85236640e+07
2.12126446e+02	2023-06-02T11:58:53.769054	-1.00000000e-02	-5.69720000e-08	1.75524819e+05	3	-1.50000000e-01	1.30260000e-08	-1.15154307e+07
2.12434216e+02	2023-06-02T11:58:54.077168	-1.00000000e-02	-3.44670000e-08	2.90132591e+05	3	-1.00000000e-01	1.13330000e-08	-8.82378893e+06
2.12729529e+02	2023-06-02T11:58:54.372397	-1.00000000e-02	-1.53700000e-08	6.50618087e+05	3	-5.00000000e-02	1.13600000e-08	-4.40140845e+06
2.13023374e+02	2023-06-02T11:58:54.666205	-1.00000000e-02	-1.17600000e-08	8.50340136e+05	3	0.00000000e+00	9.51900000e-09	0.00000000e+00
2.13316681e+02	2023-06-02T11:58:54.959638	-1.00000000e-02	-1.35550000e-08	7.37735153e+05	3	5.00000000e-02	1.72940000e-08	2.89117613e+06
2.13617295e+02	2023-06-02T11:58:55.259316	-1.00000000e-02	-4.71390000e-09	2.12138569e+06	3	1.00000000e-01	9.76200000e-09	1.02438025e+07
2.13943192e+02	2023-06-02T11:58:55.585798	-1.00000000e-02	-2.44870000e-09	4.08379957e+06	3	1.50000000e-01	4.05630000e-09	3.69795133e+07
2.14275957e+02	2023-06-02T11:58:55.918654	-1.00000000e-02	-3.93940000e-09	2.53845763e+06	3	2.00000000e-01	4.56190000e-09	4.38413819e+07
2.14603612e+02	2023-06-02T11:58:56.246471	-1.00000000e-02	-4.69600000e-09	2.12947189e+06	3	2.50000000e-01	3.83690000e-09	6.51567672e+07
2.14939364e+02	2023-06-02T11:58:56.581469	-1.00000000e-02	-2.73850000e-09	3.65163411e+06	3	3.00000000e-01	4.01770000e-09	7.46695871e+07
2.15286345e+02	2023-06-02T11:58:56.928829	-1.00000000e-02	-2.56850000e-09	3.89332295e+06	3	3.50000000e-01	5.64450000e-09	6.20072637e+07
2.15614141e+02	2023-06-02T11:58:57.256834	-1.00000000e-02	-4.47670000e-09	2.23378828e+06	3	4.00000000e-01	4.16950000e-09	9.59347644e+07
2.15953259e+02	2023-06-02T11:58:57.596014	-1.00000000e-02	-4.02660000e-09	2.48348483e+06	3	4.50000000e-01	5.88840000e-09	7.64214388e+07
2.16278574e+02	2023-06-02T11:58:57.921353	-1.00000000e-02	-1.87830000e-09	5.32396316e+06	3	5.00000000e-01	4.84800000e-09	1.03135314e+08