Time elapsed	Time stamp	trans_drain Voltage	trans_drain Current	trans_drain Resistance	Loop1 Index	trans_gate Voltage	trans_gate Current	trans_gate Resistance
s		V	A	V/A		V	A	V/A

6.20223943e-01	2023-06-02T11:55:22.261580	-5.00000000e-02	-1.05850000e-08	4.72366556e+06	1	5.00000000e-01	4.76800000e-09	1.04865772e+08
1.17097621e+00	2023-06-02T11:55:22.811585	-5.00000000e-02	-5.44690000e-09	9.17953331e+06	1	4.50000000e-01	2.15850000e-09	2.08478110e+08
1.49589764e+00	2023-06-02T11:55:23.131630	-5.00000000e-02	9.93600000e-10	-5.03220612e+07	1	4.00000000e-01	-6.37690000e-09	-6.27264031e+07
2.01162873e+00	2023-06-02T11:55:23.651603	-5.00000000e-02	1.68220000e-10	-2.97229818e+08	1	3.50000000e-01	-4.30650000e-10	-8.12724951e+08
2.73927394e+00	2023-06-02T11:55:24.371763	-5.00000000e-02	2.08470000e-09	-2.39842663e+07	1	3.00000000e-01	-7.27010000e-09	-4.12649069e+07
3.36047429e+00	2023-06-02T11:55:25.001953	-5.00000000e-02	3.59600000e-10	-1.39043382e+08	1	2.50000000e-01	-7.87250000e-10	-3.17561131e+08
3.98546378e+00	2023-06-02T11:55:25.626357	-5.00000000e-02	1.88610000e-09	-2.65097291e+07	1	2.00000000e-01	-1.50050000e-09	-1.33288904e+08
4.60562126e+00	2023-06-02T11:55:26.246661	-5.00000000e-02	4.01230000e-10	-1.24616803e+08	1	1.50000000e-01	-2.87550000e-09	-5.21648409e+07
5.22270017e+00	2023-06-02T11:55:26.863353	-5.00000000e-02	1.68670000e-09	-2.96436829e+07	1	1.00000000e-01	-1.31950000e-09	-7.57862827e+07
5.84078832e+00	2023-06-02T11:55:27.482341	-5.00000000e-02	4.95810000e-10	-1.00845082e+08	1	5.00000000e-02	-3.26390000e-09	-1.53190968e+07
6.45778682e+00	2023-06-02T11:55:28.098521	-5.00000000e-02	1.22950000e-09	-4.06669378e+07	1	0.00000000e+00	-6.66900000e-09	-0.00000000e+00
7.07961528e+00	2023-06-02T11:55:28.721007	-5.00000000e-02	5.24050000e-10	-9.54107432e+07	1	-5.00000000e-02	-3.41130000e-09	1.46571688e+07
7.69482219e+00	2023-06-02T11:55:29.335726	-5.00000000e-02	5.43620000e-10	-9.19760127e+07	1	-1.00000000e-01	-7.24040000e-10	1.38113916e+08
8.73532685e+00	2023-06-02T11:55:30.376326	-5.00000000e-02	1.16730000e-09	-4.28338902e+07	1	-1.50000000e-01	-1.60330000e-09	9.35570386e+07
9.34673027e+00	2023-06-02T11:55:30.988194	-5.00000000e-02	1.94950000e-09	-2.56476019e+07	1	-2.00000000e-01	-9.81300000e-10	2.03811271e+08
9.67491857e+00	2023-06-02T11:55:31.315760	-5.00000000e-02	5.71310000e-10	-8.75181600e+07	1	-2.50000000e-01	1.41240000e-09	-1.77003682e+08
1.06547331e+01	2023-06-02T11:55:32.295466	-5.00000000e-02	4.84110000e-10	-1.03282312e+08	1	-3.00000000e-01	1.26000000e-09	-2.38095238e+08
1.09686080e+01	2023-06-02T11:55:32.610232	-5.00000000e-02	5.11700000e-10	-9.77135040e+07	1	-3.50000000e-01	-9.31190000e-10	3.75863143e+08
1.15748717e+01	2023-06-02T11:55:33.215623	-5.00000000e-02	7.10240000e-10	-7.03987385e+07	1	-4.00000000e-01	-1.52000000e-09	2.63157895e+08
1.26125300e+01	2023-06-02T11:55:34.253988	-5.00000000e-02	1.89460000e-09	-2.63907949e+07	1	-4.50000000e-01	1.04830000e-09	-4.29266431e+08
1.32145594e+01	2023-06-02T11:55:34.856064	-5.00000000e-02	9.63250000e-10	-5.19076045e+07	1	-5.00000000e-01	-4.33390000e-09	1.15369529e+08
1.38496125e+01	2023-06-02T11:55:35.490892	-5.00000000e-02	1.83180000e-09	-2.72955563e+07	1	-5.50000000e-01	7.71000000e-11	-7.13359274e+09
1.52035888e+01	2023-06-02T11:55:36.844530	-5.00000000e-02	2.91120000e-10	-1.71750481e+08	1	-6.00000000e-01	-4.46660000e-09	1.34330363e+08
1.55072609e+01	2023-06-02T11:55:37.148101	-5.00000000e-02	1.86180000e-09	-2.68557310e+07	1	-6.50000000e-01	-1.93780000e-09	3.35431933e+08
1.61128297e+01	2023-06-02T11:55:37.753901	-5.00000000e-02	3.14930000e-09	-1.58765440e+07	1	-7.00000000e-01	-5.07420000e-09	1.37952781e+08
1.64337671e+01	2023-06-02T11:55:38.075223	-5.00000000e-02	-4.01260000e-09	1.24607486e+07	1	-7.50000000e-01	-2.55690000e-09	2.93323947e+08
1.74246512e+01	2023-06-02T11:55:39.065910	-5.00000000e-02	-5.66480000e-09	8.82643694e+06	1	-8.00000000e-01	-5.22720000e-09	1.53045608e+08
1.77668469e+01	2023-06-02T11:55:39.408460	-5.00000000e-02	-9.87770000e-09	5.06190712e+06	1	-8.50000000e-01	-4.13450000e-09	2.05587133e+08
1.80720932e+01	2023-06-02T11:55:39.713450	-5.00000000e-02	-1.93260000e-08	2.58718824e+06	1	-9.00000000e-01	-1.00160000e-08	8.98562300e+07
1.88157717e+01	2023-06-02T11:55:40.457104	-5.00000000e-02	-2.68670000e-08	1.86101909e+06	1	-9.50000000e-01	-1.15360000e-08	8.23509015e+07
1.90984067e+01	2023-06-02T11:55:40.739582	-5.00000000e-02	-8.24410000e-08	6.06494341e+05	1	-1.00000000e+00	-1.42130000e-08	7.03581228e+07
1.93818868e+01	2023-06-02T11:55:41.023480	-5.00000000e-02	-1.45880000e-07	3.42747464e+05	1	-1.05000000e+00	-9.83100000e-09	1.06805005e+08
1.96728205e+01	2023-06-02T11:55:41.313921	-5.00000000e-02	-2.55650000e-07	1.95579894e+05	1	-1.10000000e+00	-8.96440000e-09	1.22707599e+08
2.00043327e+01	2023-06-02T11:55:41.645963	-5.00000000e-02	-4.32530000e-07	1.15598918e+05	1	-1.15000000e+00	-2.10420000e-08	5.46525996e+07
2.03010289e+01	2023-06-02T11:55:41.942497	-5.00000000e-02	-6.66430000e-07	7.50266345e+04	1	-1.20000000e+00	-1.84300000e-08	6.51112317e+07
2.05991047e+01	2023-06-02T11:55:42.239806	-5.00000000e-02	-9.93880000e-07	5.03078843e+04	1	-1.25000000e+00	1.29560000e-08	-9.64803952e+07
2.08847039e+01	2023-06-02T11:55:42.526263	-5.00000000e-02	-1.48150000e-06	3.37495781e+04	1	-1.30000000e+00	-2.17260000e-08	5.98361410e+07
2.11852749e+01	2023-06-02T11:55:42.826550	-5.00000000e-02	-2.14180000e-06	2.33448501e+04	1	-1.35000000e+00	-2.09140000e-08	6.45500622e+07
2.14770279e+01	2023-06-02T11:55:43.118333	-5.00000000e-02	-3.01660000e-06	1.65749519e+04	1	-1.40000000e+00	-9.69600000e-09	1.44389439e+08
2.18169733e+01	2023-06-02T11:55:43.458489	-5.00000000e-02	-4.38970000e-06	1.13903000e+04	1	-1.45000000e+00	-1.24950000e-08	1.16046419e+08
2.21124781e+01	2023-06-02T11:55:43.754016	-5.00000000e-02	-6.16740000e-06	8.10714402e+03	1	-1.50000000e+00	-2.18480000e-08	6.86561699e+07
2.23733486e+01	2023-06-02T11:55:44.014045	-5.00000000e-02	-7.19120000e-06	6.95294249e+03	1	-1.50000000e+00	-1.84680000e-08	8.12215724e+07
2.26590888e+01	2023-06-02T11:55:44.300180	-5.00000000e-02	-7.23200000e-06	6.91371681e+03	1	-1.45000000e+00	-4.29310000e-09	3.37751275e+08
2.29517882e+01	2023-06-02T11:55:44.593255	-5.00000000e-02	-6.92290000e-06	7.22240679e+03	1	-1.40000000e+00	-2.80350000e-09	4.99375780e+08
2.32493451e+01	2023-06-02T11:55:44.891002	-5.00000000e-02	-6.44740000e-06	7.75506406e+03	1	-1.35000000e+00	-2.15650000e-09	6.26014375e+08
2.35438074e+01	2023-06-02T11:55:45.184814	-5.00000000e-02	-5.90220000e-06	8.47141744e+03	1	-1.30000000e+00	-9.19670000e-10	1.41355051e+09
2.42454670e+01	2023-06-02T11:55:45.886750	-5.00000000e-02	-5.33630000e-06	9.36978806e+03	1	-1.25000000e+00	-9.01100000e-10	1.38719343e+09
2.45394255e+01	2023-06-02T11:55:46.180971	-5.00000000e-02	-4.81360000e-06	1.03872362e+04	1	-1.20000000e+00	1.25790000e-09	-9.53970904e+08
2.48356974e+01	2023-06-02T11:55:46.476927	-5.00000000e-02	-4.25930000e-06	1.17390181e+04	1	-1.15000000e+00	1.01510000e-08	-1.13289331e+08
2.51303173e+01	2023-06-02T11:55:46.771857	-5.00000000e-02	-3.06520000e-06	1.63121493e+04	1	-1.10000000e+00	2.49820000e-09	-4.40317028e+08
2.54343049e+01	2023-06-02T11:55:47.075511	-5.00000000e-02	-2.71070000e-06	1.84454200e+04	1	-1.05000000e+00	3.17370000e-09	-3.30844125e+08
2.57349950e+01	2023-06-02T11:55:47.375743	-5.00000000e-02	-2.36700000e-06	2.11237854e+04	1	-1.00000000e+00	1.87290000e-09	-5.33931336e+08
2.60332706e+01	2023-06-02T11:55:47.674673	-5.00000000e-02	-2.05970000e-06	2.42753799e+04	1	-9.50000000e-01	2.14100000e-09	-4.43717889e+08
2.68615051e+01	2023-06-02T11:55:48.503202	-5.00000000e-02	-1.65120000e-06	3.02810078e+04	1	-9.00000000e-01	1.17340000e-09	-7.67001875e+08
2.71554390e+01	2023-06-02T11:55:48.796945	-5.00000000e-02	-1.41890000e-06	3.52385651e+04	1	-8.50000000e-01	4.16860000e-09	-2.03905388e+08
2.74610705e+01	2023-06-02T11:55:49.102242	-5.00000000e-02	-1.19120000e-06	4.19744795e+04	1	-8.00000000e-01	4.08060000e-09	-1.96049601e+08
2.77504424e+01	2023-06-02T11:55:49.391279	-5.00000000e-02	-9.88600000e-07	5.05765729e+04	1	-7.50000000e-01	4.43090000e-09	-1.69265838e+08
2.80475648e+01	2023-06-02T11:55:49.689086	-5.00000000e-02	-8.13540000e-07	6.14597930e+04	1	-7.00000000e-01	9.14200000e-09	-7.65696784e+07
2.87873831e+01	2023-06-02T11:55:50.428556	-5.00000000e-02	-5.89440000e-07	8.48262758e+04	1	-6.50000000e-01	2.34150000e-09	-2.77599829e+08
2.90848034e+01	2023-06-02T11:55:50.725950	-5.00000000e-02	-4.75790000e-07	1.05088379e+05	1	-6.00000000e-01	4.03090000e-09	-1.48850133e+08
2.99253271e+01	2023-06-02T11:55:51.566768	-5.00000000e-02	-3.23310000e-07	1.54650336e+05	1	-5.50000000e-01	3.21650000e-09	-1.70993316e+08
3.02177316e+01	2023-06-02T11:55:51.858878	-5.00000000e-02	-2.58190000e-07	1.93655835e+05	1	-5.00000000e-01	1.11870000e-08	-4.46947350e+07
3.05234205e+01	2023-06-02T11:55:52.164509	-5.00000000e-02	-1.99820000e-07	2.50225203e+05	1	-4.50000000e-01	4.56080000e-09	-9.86669005e+07
3.08166410e+01	2023-06-02T11:55:52.458362	-5.00000000e-02	-1.46930000e-07	3.40298101e+05	1	-4.00000000e-01	1.30010000e-08	-3.07668641e+07
3.11179341e+01	2023-06-02T11:55:52.758733	-5.00000000e-02	-9.28600000e-08	5.38444971e+05	1	-3.50000000e-01	1.00300000e-08	-3.48953141e+07
3.14096231e+01	2023-06-02T11:55:53.051315	-5.00000000e-02	-5.61950000e-08	8.89758875e+05	1	-3.00000000e-01	1.21310000e-08	-2.47300305e+07
3.16996493e+01	2023-06-02T11:55:53.340804	-5.00000000e-02	-2.67140000e-08	1.87167777e+06	1	-2.50000000e-01	1.22730000e-08	-2.03699177e+07
3.20078285e+01	2023-06-02T11:55:53.649051	-5.00000000e-02	-1.48210000e-08	3.37359153e+06	1	-2.00000000e-01	5.51320000e-09	-3.62765726e+07
3.23064537e+01	2023-06-02T11:55:53.948185	-5.00000000e-02	-8.17170000e-09	6.11867788e+06	1	-1.50000000e-01	4.77740000e-09	-3.13978315e+07
3.26100537e+01	2023-06-02T11:55:54.250903	-5.00000000e-02	-2.19350000e-09	2.27946205e+07	1	-1.00000000e-01	5.16030000e-09	-1.93787183e+07
3.29573066e+01	2023-06-02T11:55:54.598709	-5.00000000e-02	-1.80260000e-09	2.77377122e+07	1	-5.00000000e-02	5.91070000e-09	-8.45923495e+06
3.32778252e+01	2023-06-02T11:55:54.919116	-5.00000000e-02	-3.28290000e-09	1.52304365e+07	1	0.00000000e+00	2.97960000e-09	0.00000000e+00
3.36216685e+01	2023-06-02T11:55:55.263087	-5.00000000e-02	-2.58720000e-09	1.93259122e+07	1	5.00000000e-02	3.92430000e-09	1.27411258e+07
3.39567798e+01	2023-06-02T11:55:55.598568	-5.00000000e-02	-8.72910000e-10	5.72796737e+07	1	1.00000000e-01	4.08060000e-09	2.45062001e+07
3.46991073e+01	2023-06-02T11:55:56.340432	-5.00000000e-02	-1.59830000e-09	3.12832384e+07	1	1.50000000e-01	9.54500000e-09	1.57150340e+07
3.53175758e+01	2023-06-02T11:55:56.959106	-5.00000000e-02	-1.03250000e-09	4.84261501e+07	1	2.00000000e-01	5.16660000e-09	3.87101769e+07
3.56419520e+01	2023-06-02T11:55:57.283501	-5.00000000e-02	-2.11340000e-09	2.36585597e+07	1	2.50000000e-01	3.18430000e-09	7.85101906e+07
3.59835077e+01	2023-06-02T11:55:57.624591	-5.00000000e-02	-3.59870000e-09	1.38939061e+07	1	3.00000000e-01	2.74190000e-09	1.09413181e+08
3.63177362e+01	2023-06-02T11:55:57.958687	-5.00000000e-02	-2.29200000e-09	2.18150087e+07	1	3.50000000e-01	2.69800000e-09	1.29725723e+08
3.66555700e+01	2023-06-02T11:55:58.296950	-5.00000000e-02	-1.10250000e-09	4.53514739e+07	1	4.00000000e-01	5.36780000e-09	7.45184247e+07
3.69969054e+01	2023-06-02T11:55:58.638090	-5.00000000e-02	-3.75030000e-09	1.33322668e+07	1	4.50000000e-01	3.81230000e-09	1.18038979e+08
3.73223959e+01	2023-06-02T11:55:58.964203	-5.00000000e-02	-4.82200000e-09	1.03691414e+07	1	5.00000000e-01	4.53610000e-09	1.10226847e+08
3.76238974e+01	2023-06-02T11:55:59.265413	-5.00000000e-02	-3.47810000e-09	1.43756649e+07	2	5.00000000e-01	2.66080000e-09	1.87913410e+08
3.79118465e+01	2023-06-02T11:55:59.553311	-5.00000000e-02	-3.33870000e-10	1.49758888e+08	2	4.50000000e-01	4.47400000e-10	1.00581135e+09
3.93921908e+01	2023-06-02T11:56:01.033593	-5.00000000e-02	1.65820000e-09	-3.01531781e+07	2	4.00000000e-01	-1.40820000e-09	-2.84050561e+08
3.97977893e+01	2023-06-02T11:56:01.439268	-5.00000000e-02	2.66490000e-10	-1.87624301e+08	2	3.50000000e-01	-3.08100000e-10	-1.13599481e+09
4.05117627e+01	2023-06-02T11:56:02.153385	-5.00000000e-02	1.84250000e-09	-2.71370421e+07	2	3.00000000e-01	-9.80000000e-10	-3.06122449e+08
4.10525371e+01	2023-06-02T11:56:02.693848	-5.00000000e-02	4.46620000e-10	-1.11951995e+08	2	2.50000000e-01	-3.34450000e-09	-7.47495889e+07
4.16705547e+01	2023-06-02T11:56:03.311522	-5.00000000e-02	1.81610000e-09	-2.75315236e+07	2	2.00000000e-01	9.77700000e-10	2.04561727e+08
4.22956393e+01	2023-06-02T11:56:03.937020	-5.00000000e-02	7.41010000e-10	-6.74754727e+07	2	1.50000000e-01	-2.45210000e-09	-6.11720566e+07
4.29106641e+01	2023-06-02T11:56:04.552260	-5.00000000e-02	1.03160000e-09	-4.84683986e+07	2	1.00000000e-01	-3.16770000e-09	-3.15686460e+07
4.35284569e+01	2023-06-02T11:56:05.169363	-5.00000000e-02	5.43780000e-10	-9.19489499e+07	2	5.00000000e-02	-2.02170000e-09	-2.47316615e+07
4.41403961e+01	2023-06-02T11:56:05.782119	-5.00000000e-02	-1.04400000e-09	4.78927203e+07	2	0.00000000e+00	-2.63930000e-09	-0.00000000e+00
4.54227135e+01	2023-06-02T11:56:07.064500	-5.00000000e-02	1.15230000e-09	-4.33914779e+07	2	-5.00000000e-02	-6.91760000e-10	7.22794033e+07
4.61423259e+01	2023-06-02T11:56:07.784120	-5.00000000e-02	2.54950000e-10	-1.96116886e+08	2	-1.00000000e-01	1.26000000e-09	-7.93650794e+07
4.67848256e+01	2023-06-02T11:56:08.426481	-5.00000000e-02	3.46450000e-10	-1.44320970e+08	2	-1.50000000e-01	-3.93470000e-10	3.81223473e+08
4.81495559e+01	2023-06-02T11:56:09.791185	-5.00000000e-02	1.47010000e-10	-3.40112917e+08	2	-2.00000000e-01	-9.34500000e-09	2.14018192e+07
4.84331845e+01	2023-06-02T11:56:10.074404	-5.00000000e-02	1.82800000e-10	-2.73522976e+08	2	-2.50000000e-01	-3.94230000e-09	6.34147579e+07
4.90823181e+01	2023-06-02T11:56:10.723831	-5.00000000e-02	8.45060000e-10	-5.91673964e+07	2	-3.00000000e-01	-3.81890000e-09	7.85566524e+07
5.01152875e+01	2023-06-02T11:56:11.757122	-5.00000000e-02	1.23810000e-09	-4.03844601e+07	2	-3.50000000e-01	-3.86410000e-09	9.05773660e+07
5.07618385e+01	2023-06-02T11:56:12.403458	-5.00000000e-02	-6.84200000e-10	7.30780474e+07	2	-4.00000000e-01	-1.88690000e-09	2.11987917e+08
5.17234688e+01	2023-06-02T11:56:13.364634	-5.00000000e-02	5.33690000e-10	-9.36873466e+07	2	-4.50000000e-01	-3.00840000e-09	1.49581173e+08
5.26742101e+01	2023-06-02T11:56:14.315146	-5.00000000e-02	-1.27750000e-09	3.91389432e+07	2	-5.00000000e-01	-9.25000000e-09	5.40540541e+07
5.29625115e+01	2023-06-02T11:56:14.603457	-5.00000000e-02	-4.58340000e-09	1.09089322e+07	2	-5.50000000e-01	-3.50080000e-09	1.57106947e+08
5.32669337e+01	2023-06-02T11:56:14.908401	-5.00000000e-02	-7.81850000e-09	6.39508857e+06	2	-6.00000000e-01	-4.87540000e-09	1.23066825e+08
5.40943845e+01	2023-06-02T11:56:15.735754	-5.00000000e-02	-1.59390000e-08	3.13695966e+06	2	-6.50000000e-01	-5.44030000e-09	1.19478705e+08
5.44057728e+01	2023-06-02T11:56:16.046789	-5.00000000e-02	-5.53590000e-08	9.03195506e+05	2	-7.00000000e-01	-4.32060000e-09	1.62014535e+08
5.47006187e+01	2023-06-02T11:56:16.341598	-5.00000000e-02	-9.00590000e-08	5.55191597e+05	2	-7.50000000e-01	-1.05590000e-08	7.10294535e+07
5.49921682e+01	2023-06-02T11:56:16.633920	-5.00000000e-02	-1.54370000e-07	3.23897130e+05	2	-8.00000000e-01	-4.96940000e-09	1.60985230e+08
5.52904877e+01	2023-06-02T11:56:16.931725	-5.00000000e-02	-2.12220000e-07	2.35604561e+05	2	-8.50000000e-01	-4.10190000e-09	2.07221044e+08
5.55926719e+01	2023-06-02T11:56:17.234170	-5.00000000e-02	-2.80780000e-07	1.78075361e+05	2	-9.00000000e-01	-4.16800000e-09	2.15930902e+08
5.58866977e+01	2023-06-02T11:56:17.527629	-5.00000000e-02	-3.67300000e-07	1.36128505e+05	2	-9.50000000e-01	-4.63260000e-09	2.05068428e+08
5.61895842e+01	2023-06-02T11:56:17.830608	-5.00000000e-02	-4.79220000e-07	1.04336213e+05	2	-1.00000000e+00	-4.07650000e-09	2.45308475e+08
5.64836900e+01	2023-06-02T11:56:18.125283	-5.00000000e-02	-6.29050000e-07	7.94849376e+04	2	-1.05000000e+00	-5.11610000e-09	2.05234456e+08
5.67768227e+01	2023-06-02T11:56:18.418578	-5.00000000e-02	-8.32480000e-07	6.00615030e+04	2	-1.10000000e+00	-1.28070000e-08	8.58905286e+07
5.70747701e+01	2023-06-02T11:56:18.715918	-5.00000000e-02	-1.12150000e-06	4.45831476e+04	2	-1.15000000e+00	-1.37400000e-08	8.36972344e+07
5.73689760e+01	2023-06-02T11:56:19.010079	-5.00000000e-02	-1.53830000e-06	3.25034129e+04	2	-1.20000000e+00	-1.28520000e-08	9.33706816e+07
5.76600020e+01	2023-06-02T11:56:19.301793	-5.00000000e-02	-2.06290000e-06	2.42377236e+04	2	-1.25000000e+00	-1.10770000e-08	1.12846439e+08
5.79526186e+01	2023-06-02T11:56:19.594290	-5.00000000e-02	-2.73780000e-06	1.82628388e+04	2	-1.30000000e+00	-1.35500000e-08	9.59409594e+07
5.82450748e+01	2023-06-02T11:56:19.886074	-5.00000000e-02	-3.59990000e-06	1.38892747e+04	2	-1.35000000e+00	-1.52160000e-08	8.87223975e+07
5.85415239e+01	2023-06-02T11:56:20.183364	-5.00000000e-02	-4.66260000e-06	1.07236306e+04	2	-1.40000000e+00	-1.80520000e-08	7.75537337e+07
5.88365536e+01	2023-06-02T11:56:20.477608	-5.00000000e-02	-6.05700000e-06	8.25491167e+03	2	-1.45000000e+00	-1.47690000e-08	9.81786174e+07
5.92836307e+01	2023-06-02T11:56:20.925021	-5.00000000e-02	-8.33800000e-06	5.99664188e+03	2	-1.50000000e+00	-1.51200000e-08	9.92063492e+07
5.95373291e+01	2023-06-02T11:56:21.178747	-5.00000000e-02	-9.31880000e-06	5.36549770e+03	2	-1.50000000e+00	-8.42210000e-09	1.78102848e+08
5.98234484e+01	2023-06-02T11:56:21.464615	-5.00000000e-02	-9.34720000e-06	5.34919548e+03	2	-1.45000000e+00	-9.89400000e-09	1.46553467e+08
6.05701258e+01	2023-06-02T11:56:22.211617	-5.00000000e-02	-9.41560000e-06	5.31033604e+03	2	-1.40000000e+00	-1.03860000e-09	1.34796842e+09
6.15171370e+01	2023-06-02T11:56:23.158278	-5.00000000e-02	-9.24840000e-06	5.40634056e+03	2	-1.35000000e+00	-7.93850000e-10	1.70057316e+09
6.20995472e+01	2023-06-02T11:56:23.740497	-5.00000000e-02	-8.70840000e-06	5.74158284e+03	2	-1.30000000e+00	-3.22480000e-10	4.03125775e+09
6.28075784e+01	2023-06-02T11:56:24.449547	-5.00000000e-02	-8.06570000e-06	6.19908997e+03	2	-1.25000000e+00	2.16410000e-09	-5.77607319e+08
6.30976354e+01	2023-06-02T11:56:24.739540	-5.00000000e-02	-7.40560000e-06	6.75164740e+03	2	-1.20000000e+00	-3.24000000e-11	3.70370370e+10
6.42168831e+01	2023-06-02T11:56:25.857941	-5.00000000e-02	-6.52100000e-06	7.66753565e+03	2	-1.15000000e+00	5.29680000e-10	-2.17112219e+09
6.49207416e+01	2023-06-02T11:56:26.562450	-5.00000000e-02	-4.99110000e-06	1.00178317e+04	2	-1.10000000e+00	4.53200000e-11	-2.42718447e+10
6.56309768e+01	2023-06-02T11:56:27.272915	-5.00000000e-02	-4.57490000e-06	1.09292006e+04	2	-1.05000000e+00	7.30800000e-10	-1.43678161e+09
6.63437924e+01	2023-06-02T11:56:27.985175	-5.00000000e-02	-4.08280000e-06	1.22464975e+04	2	-1.00000000e+00	3.64810000e-10	-2.74115293e+09
6.76971853e+01	2023-06-02T11:56:29.338828	-5.00000000e-02	-3.52180000e-06	1.41972855e+04	2	-9.50000000e-01	3.24430000e-10	-2.92821256e+09
6.90649145e+01	2023-06-02T11:56:30.706615	-5.00000000e-02	-3.06320000e-06	1.63227997e+04	2	-9.00000000e-01	2.41980000e-09	-3.71931565e+08
6.93600288e+01	2023-06-02T11:56:31.001914	-5.00000000e-02	-2.80370000e-06	1.78335771e+04	2	-8.50000000e-01	5.48790000e-10	-1.54886204e+09
7.07216099e+01	2023-06-02T11:56:32.363087	-5.00000000e-02	-2.35860000e-06	2.11990164e+04	2	-8.00000000e-01	3.17740000e-09	-2.51778183e+08
7.10159602e+01	2023-06-02T11:56:32.657389	-5.00000000e-02	-2.11210000e-06	2.36731215e+04	2	-7.50000000e-01	1.50030000e-09	-4.99900020e+08
7.13161899e+01	2023-06-02T11:56:32.958054	-5.00000000e-02	-1.85380000e-06	2.69716258e+04	2	-7.00000000e-01	1.06510000e-09	-6.57215285e+08
7.16187199e+01	2023-06-02T11:56:33.260174	-5.00000000e-02	-1.57320000e-06	3.17823544e+04	2	-6.50000000e-01	2.27660000e-09	-2.85513485e+08
7.19106026e+01	2023-06-02T11:56:33.552196	-5.00000000e-02	-1.30540000e-06	3.83024360e+04	2	-6.00000000e-01	2.14660000e-09	-2.79511786e+08
7.22198550e+01	2023-06-02T11:56:33.861793	-5.00000000e-02	-1.08730000e-06	4.59854686e+04	2	-5.50000000e-01	2.52250000e-09	-2.18037661e+08
7.25144798e+01	2023-06-02T11:56:34.156370	-5.00000000e-02	-8.87770000e-07	5.63208939e+04	2	-5.00000000e-01	9.14200000e-09	-5.46926274e+07
7.32551659e+01	2023-06-02T11:56:34.896772	-5.00000000e-02	-6.43810000e-07	7.76626645e+04	2	-4.50000000e-01	2.71040000e-09	-1.66027155e+08
7.35598596e+01	2023-06-02T11:56:35.201399	-5.00000000e-02	-5.02920000e-07	9.94193908e+04	2	-4.00000000e-01	1.09570000e-08	-3.65063430e+07
7.38574882e+01	2023-06-02T11:56:35.498961	-5.00000000e-02	-3.52630000e-07	1.41791680e+05	2	-3.50000000e-01	5.91070000e-09	-5.92146446e+07
7.41578242e+01	2023-06-02T11:56:35.799693	-5.00000000e-02	-1.91410000e-07	2.61219372e+05	2	-3.00000000e-01	1.19470000e-08	-2.51109065e+07
7.44443115e+01	2023-06-02T11:56:36.085795	-5.00000000e-02	-9.54700000e-08	5.23724730e+05	2	-2.50000000e-01	9.32200000e-09	-2.68182793e+07
7.47399451e+01	2023-06-02T11:56:36.381892	-5.00000000e-02	-4.67410000e-08	1.06972465e+06	2	-2.00000000e-01	1.05670000e-08	-1.89268477e+07
7.50320501e+01	2023-06-02T11:56:36.673992	-5.00000000e-02	-2.06140000e-08	2.42553604e+06	2	-1.50000000e-01	4.98000000e-09	-3.01204819e+07
7.53375085e+01	2023-06-02T11:56:36.978927	-5.00000000e-02	-1.24380000e-08	4.01993890e+06	2	-1.00000000e-01	5.20290000e-09	-1.92200504e+07
7.56416147e+01	2023-06-02T11:56:37.283400	-5.00000000e-02	-1.26020000e-08	3.96762419e+06	2	-5.00000000e-02	1.59340000e-08	-3.13794402e+06
7.59316512e+01	2023-06-02T11:56:37.573532	-5.00000000e-02	-7.45700000e-09	6.70510929e+06	2	0.00000000e+00	1.08160000e-08	0.00000000e+00
7.62292799e+01	2023-06-02T11:56:37.870756	-5.00000000e-02	-3.71750000e-09	1.34498991e+07	2	5.00000000e-02	1.27270000e-08	3.92865561e+06
7.65171379e+01	2023-06-02T11:56:38.158675	-5.00000000e-02	-3.75580000e-09	1.33127430e+07	2	1.00000000e-01	3.41070000e-09	2.93194945e+07
7.68590517e+01	2023-06-02T11:56:38.500761	-5.00000000e-02	-1.71400000e-09	2.91715286e+07	2	1.50000000e-01	5.67490000e-09	2.64321838e+07
7.72038887e+01	2023-06-02T11:56:38.845482	-5.00000000e-02	-2.86280000e-09	1.74654185e+07	2	2.00000000e-01	5.21550000e-09	3.83472342e+07
7.75239994e+01	2023-06-02T11:56:39.165153	-5.00000000e-02	-4.46880000e-09	1.11886860e+07	2	2.50000000e-01	3.54140000e-09	7.05935506e+07
7.78628971e+01	2023-06-02T11:56:39.504939	-5.00000000e-02	-3.22140000e-09	1.55212020e+07	2	3.00000000e-01	4.05700000e-09	7.39462657e+07
7.81975301e+01	2023-06-02T11:56:39.839360	-5.00000000e-02	-1.34120000e-09	3.72800477e+07	2	3.50000000e-01	6.37750000e-09	5.48804390e+07
7.85369348e+01	2023-06-02T11:56:40.178046	-5.00000000e-02	-3.36030000e-09	1.48796238e+07	2	4.00000000e-01	4.31350000e-09	9.27321201e+07
7.88717943e+01	2023-06-02T11:56:40.513399	-5.00000000e-02	-4.66030000e-09	1.07289230e+07	2	4.50000000e-01	4.38540000e-09	1.02613217e+08
7.91998308e+01	2023-06-02T11:56:40.841637	-5.00000000e-02	-3.16210000e-09	1.58122767e+07	2	5.00000000e-01	6.19160000e-09	8.07545707e+07
7.95020380e+01	2023-06-02T11:56:41.143755	-5.00000000e-02	-1.76340000e-09	2.83543155e+07	3	5.00000000e-01	3.81530000e-09	1.31051293e+08
7.97963033e+01	2023-06-02T11:56:41.438405	-5.00000000e-02	-3.11800000e-10	1.60359205e+08	3	4.50000000e-01	2.46330000e-09	1.82681768e+08
8.07426266e+01	2023-06-02T11:56:42.384265	-5.00000000e-02	1.27870000e-09	-3.91022132e+07	3	4.00000000e-01	2.00000000e-09	2.00000000e+08
8.10422060e+01	2023-06-02T11:56:42.683416	-5.00000000e-02	-7.35000000e-12	6.80272109e+09	3	3.50000000e-01	-1.07080000e-09	-3.26858424e+08
8.17662352e+01	2023-06-02T11:56:43.407607	-5.00000000e-02	1.21300000e-09	-4.12201154e+07	3	3.00000000e-01	-9.06080000e-09	-3.31096592e+07
8.23915069e+01	2023-06-02T11:56:44.032838	-5.00000000e-02	1.88820000e-09	-2.64802457e+07	3	2.50000000e-01	-2.76660000e-09	-9.03636232e+07
8.27324756e+01	2023-06-02T11:56:44.374578	-5.00000000e-02	7.20570000e-10	-6.93895111e+07	3	2.00000000e-01	-9.71000000e-09	-2.05973223e+07
8.34783448e+01	2023-06-02T11:56:45.120211	-5.00000000e-02	2.70130000e-09	-1.85096065e+07	3	1.50000000e-01	-2.63020000e-09	-5.70298837e+07
8.44387415e+01	2023-06-02T11:56:46.080564	-5.00000000e-02	2.69750000e-09	-1.85356812e+07	3	1.00000000e-01	-1.87370000e-09	-5.33703368e+07
8.48360626e+01	2023-06-02T11:56:46.478180	-5.00000000e-02	1.33510000e-09	-3.74503782e+07	3	5.00000000e-02	-3.79170000e-09	-1.31866973e+07
8.51606418e+01	2023-06-02T11:56:46.802045	-5.00000000e-02	1.33150000e-10	-3.75516335e+08	3	0.00000000e+00	-6.73150000e-10	-0.00000000e+00
8.65677156e+01	2023-06-02T11:56:48.209465	-5.00000000e-02	3.81720000e-10	-1.30986063e+08	3	-5.00000000e-02	-2.64230000e-09	1.89229081e+07
8.74669413e+01	2023-06-02T11:56:49.108785	-5.00000000e-02	5.82120000e-10	-8.58929430e+07	3	-1.00000000e-01	-1.08330000e-08	9.23105326e+06
8.83744579e+01	2023-06-02T11:56:50.015830	-5.00000000e-02	1.23590000e-09	-4.04563476e+07	3	-1.50000000e-01	-2.19080000e-09	6.84681395e+07
8.89937214e+01	2023-06-02T11:56:50.635658	-5.00000000e-02	-7.15910000e-10	6.98411812e+07	3	-2.00000000e-01	-3.89200000e-09	5.13874615e+07
8.96083310e+01	2023-06-02T11:56:51.250430	-5.00000000e-02	7.95020000e-10	-6.28914996e+07	3	-2.50000000e-01	-3.45000000e-09	7.24637681e+07
8.99870109e+01	2023-06-02T11:56:51.628602	-5.00000000e-02	-9.96400000e-09	5.01806503e+06	3	-3.00000000e-01	-2.00000000e-09	1.50000000e+08
9.04843419e+01	2023-06-02T11:56:52.126422	-5.00000000e-02	-6.32630000e-09	7.90351390e+06	3	-3.50000000e-01	-2.06440000e-09	1.69540787e+08
9.07847501e+01	2023-06-02T11:56:52.426576	-5.00000000e-02	-1.92410000e-08	2.59861754e+06	3	-4.00000000e-01	-4.51830000e-09	8.85288715e+07
9.10847615e+01	2023-06-02T11:56:52.726005	-5.00000000e-02	-1.89740000e-08	2.63518499e+06	3	-4.50000000e-01	-4.06420000e-09	1.10722897e+08
9.19081111e+01	2023-06-02T11:56:53.550175	-5.00000000e-02	-6.28710000e-08	7.95279223e+05	3	-5.00000000e-01	-9.61400000e-09	5.20074891e+07
9.21933504e+01	2023-06-02T11:56:53.835214	-5.00000000e-02	-9.02950000e-08	5.53740517e+05	3	-5.50000000e-01	-1.02660000e-08	5.35749075e+07
9.24868318e+01	2023-06-02T11:56:54.128645	-5.00000000e-02	-1.17220000e-07	4.26548371e+05	3	-6.00000000e-01	-3.71950000e-09	1.61312004e+08
9.27875624e+01	2023-06-02T11:56:54.428932	-5.00000000e-02	-1.65990000e-07	3.01222965e+05	3	-6.50000000e-01	-1.03680000e-08	6.26929012e+07
9.30847816e+01	2023-06-02T11:56:54.726395	-5.00000000e-02	-2.38860000e-07	2.09327640e+05	3	-7.00000000e-01	-4.56760000e-09	1.53253350e+08
9.33780583e+01	2023-06-02T11:56:55.020219	-5.00000000e-02	-3.28710000e-07	1.52109762e+05	3	-7.50000000e-01	-5.29950000e-09	1.41522785e+08
9.36769649e+01	2023-06-02T11:56:55.318704	-5.00000000e-02	-4.51270000e-07	1.10798413e+05	3	-8.00000000e-01	-1.22520000e-08	6.52954620e+07
9.39698896e+01	2023-06-02T11:56:55.611986	-5.00000000e-02	-6.03680000e-07	8.28253379e+04	3	-8.50000000e-01	-1.39120000e-08	6.10983324e+07
9.42602978e+01	2023-06-02T11:56:55.901688	-5.00000000e-02	-7.65270000e-07	6.53364172e+04	3	-9.00000000e-01	-3.92370000e-09	2.29375335e+08
9.45676175e+01	2023-06-02T11:56:56.209537	-5.00000000e-02	-9.44520000e-07	5.29369415e+04	3	-9.50000000e-01	-3.53990000e-09	2.68369163e+08
9.48637963e+01	2023-06-02T11:56:56.505258	-5.00000000e-02	-1.16730000e-06	4.28338902e+04	3	-1.00000000e+00	-3.20730000e-09	3.11788732e+08
9.51538349e+01	2023-06-02T11:56:56.795951	-5.00000000e-02	-1.40410000e-06	3.56099993e+04	3	-1.05000000e+00	-1.05080000e-08	9.99238675e+07
9.54381540e+01	2023-06-02T11:56:57.080085	-5.00000000e-02	-1.70930000e-06	2.92517405e+04	3	-1.10000000e+00	-4.57320000e-09	2.40531794e+08
9.57450947e+01	2023-06-02T11:56:57.386546	-5.00000000e-02	-2.09590000e-06	2.38561000e+04	3	-1.15000000e+00	-1.35160000e-08	8.50843445e+07
9.60379057e+01	2023-06-02T11:56:57.680025	-5.00000000e-02	-2.65650000e-06	1.88217580e+04	3	-1.20000000e+00	-1.15300000e-08	1.04076323e+08
9.63240287e+01	2023-06-02T11:56:57.966057	-5.00000000e-02	-3.31600000e-06	1.50784077e+04	3	-1.25000000e+00	-6.52810000e-09	1.91479910e+08
9.66195737e+01	2023-06-02T11:56:58.261616	-5.00000000e-02	-4.13550000e-06	1.20904365e+04	3	-1.30000000e+00	-6.86320000e-09	1.89416016e+08
9.69247142e+01	2023-06-02T11:56:58.566266	-5.00000000e-02	-5.17370000e-06	9.66426349e+03	3	-1.35000000e+00	-1.33380000e-08	1.01214575e+08
9.72228392e+01	2023-06-02T11:56:58.864109	-5.00000000e-02	-6.39290000e-06	7.82117662e+03	3	-1.40000000e+00	-8.24970000e-09	1.69703141e+08
9.75271186e+01	2023-06-02T11:56:59.168429	-5.00000000e-02	-7.91660000e-06	6.31584266e+03	3	-1.45000000e+00	-1.43720000e-08	1.00890621e+08
9.79849058e+01	2023-06-02T11:56:59.626954	-5.00000000e-02	-1.03470000e-05	4.83231855e+03	3	-1.50000000e+00	-9.95800000e-09	1.50632657e+08
9.82468606e+01	2023-06-02T11:56:59.888087	-5.00000000e-02	-1.13640000e-05	4.39985920e+03	3	-1.50000000e+00	-9.44360000e-09	1.58837731e+08
9.85498210e+01	2023-06-02T11:57:00.191505	-5.00000000e-02	-1.14280000e-05	4.37521876e+03	3	-1.45000000e+00	-4.77820000e-09	3.03461555e+08
9.88352675e+01	2023-06-02T11:57:00.477318	-5.00000000e-02	-1.10610000e-05	4.52038695e+03	3	-1.40000000e+00	-2.81690000e-09	4.97000249e+08
9.91360260e+01	2023-06-02T11:57:00.777950	-5.00000000e-02	-1.05090000e-05	4.75782662e+03	3	-1.35000000e+00	-1.65000000e-09	8.18181818e+08
9.94284522e+01	2023-06-02T11:57:01.069802	-5.00000000e-02	-9.89400000e-06	5.05356782e+03	3	-1.30000000e+00	-4.09870000e-10	3.17173738e+09
1.00012926e+02	2023-06-02T11:57:01.654551	-5.00000000e-02	-9.15200000e-06	5.46328671e+03	3	-1.25000000e+00	-1.42720000e-10	8.75840807e+09
1.00714757e+02	2023-06-02T11:57:02.356346	-5.00000000e-02	-8.39790000e-06	5.95386942e+03	3	-1.20000000e+00	3.82780000e-10	-3.13496003e+09
1.01419941e+02	2023-06-02T11:57:03.061805	-5.00000000e-02	-7.63140000e-06	6.55187777e+03	3	-1.15000000e+00	1.26960000e-10	-9.05797101e+09
1.02533060e+02	2023-06-02T11:57:04.175135	-5.00000000e-02	-5.90990000e-06	8.46038004e+03	3	-1.10000000e+00	1.84770000e-09	-5.95334740e+08
1.02846776e+02	2023-06-02T11:57:04.488434	-5.00000000e-02	-5.53950000e-06	9.02608539e+03	3	-1.05000000e+00	1.73450000e-09	-6.05361776e+08
1.03141201e+02	2023-06-02T11:57:04.782673	-5.00000000e-02	-5.12850000e-06	9.74943941e+03	3	-1.00000000e+00	2.84070000e-10	-3.52025909e+09
1.04502228e+02	2023-06-02T11:57:06.144412	-5.00000000e-02	-4.48320000e-06	1.11527480e+04	3	-9.50000000e-01	7.35360000e-10	-1.29188425e+09
1.05205134e+02	2023-06-02T11:57:06.846443	-5.00000000e-02	-4.07180000e-06	1.22795815e+04	3	-9.00000000e-01	3.27940000e-09	-2.74440446e+08
1.05499937e+02	2023-06-02T11:57:07.141443	-5.00000000e-02	-3.74060000e-06	1.33668395e+04	3	-8.50000000e-01	1.81470000e-09	-4.68396980e+08
1.05807138e+02	2023-06-02T11:57:07.448567	-5.00000000e-02	-3.38330000e-06	1.47784707e+04	3	-8.00000000e-01	3.94180000e-09	-2.02952966e+08
1.06110211e+02	2023-06-02T11:57:07.751620	-5.00000000e-02	-2.98320000e-06	1.67605256e+04	3	-7.50000000e-01	2.04950000e-09	-3.65942913e+08
1.06402479e+02	2023-06-02T11:57:08.044678	-5.00000000e-02	-2.60810000e-06	1.91710441e+04	3	-7.00000000e-01	1.97890000e-09	-3.53731871e+08
1.06706920e+02	2023-06-02T11:57:08.348943	-5.00000000e-02	-2.24940000e-06	2.22281497e+04	3	-6.50000000e-01	3.85930000e-09	-1.68424326e+08
1.07005858e+02	2023-06-02T11:57:08.648091	-5.00000000e-02	-1.94560000e-06	2.56990132e+04	3	-6.00000000e-01	3.04720000e-09	-1.96902074e+08
1.07832504e+02	2023-06-02T11:57:09.473852	-5.00000000e-02	-1.52280000e-06	3.28342527e+04	3	-5.50000000e-01	3.73050000e-09	-1.47433320e+08
1.08661723e+02	2023-06-02T11:57:10.303091	-5.00000000e-02	-1.20610000e-06	4.14559323e+04	3	-5.00000000e-01	2.05510000e-09	-2.43297163e+08
1.08967077e+02	2023-06-02T11:57:10.608619	-5.00000000e-02	-1.01440000e-06	4.92902208e+04	3	-4.50000000e-01	4.62790000e-09	-9.72363275e+07
1.09270722e+02	2023-06-02T11:57:10.912412	-5.00000000e-02	-8.04430000e-07	6.21558122e+04	3	-4.00000000e-01	1.29820000e-08	-3.08118934e+07
1.09573466e+02	2023-06-02T11:57:11.215689	-5.00000000e-02	-5.69820000e-07	8.77470078e+04	3	-3.50000000e-01	1.69370000e-08	-2.06648167e+07
1.09876173e+02	2023-06-02T11:57:11.518026	-5.00000000e-02	-3.12210000e-07	1.60148618e+05	3	-3.00000000e-01	2.13320000e-08	-1.40633790e+07
1.10168737e+02	2023-06-02T11:57:11.810701	-5.00000000e-02	-1.76320000e-07	2.83575318e+05	3	-2.50000000e-01	1.35190000e-08	-1.84924920e+07
1.10457656e+02	2023-06-02T11:57:12.098962	-5.00000000e-02	-9.88000000e-08	5.06072874e+05	3	-2.00000000e-01	6.00020000e-09	-3.33322223e+07
1.10762531e+02	2023-06-02T11:57:12.404718	-5.00000000e-02	-5.43020000e-08	9.20776399e+05	3	-1.50000000e-01	5.20990000e-09	-2.87913396e+07
1.11064581e+02	2023-06-02T11:57:12.706568	-5.00000000e-02	-2.20290000e-08	2.26973535e+06	3	-1.00000000e-01	1.12960000e-08	-8.85269122e+06
1.11360700e+02	2023-06-02T11:57:13.002244	-5.00000000e-02	-1.20860000e-08	4.13701804e+06	3	-5.00000000e-02	5.80170000e-09	-8.61816364e+06
1.11654050e+02	2023-06-02T11:57:13.295498	-5.00000000e-02	-4.20400000e-09	1.18934348e+07	3	0.00000000e+00	5.49290000e-09	0.00000000e+00
1.12046951e+02	2023-06-02T11:57:13.689159	-5.00000000e-02	-2.18920000e-09	2.28393934e+07	3	5.00000000e-02	4.59990000e-09	1.08698015e+07
1.12377102e+02	2023-06-02T11:57:14.019039	-5.00000000e-02	-3.49150000e-09	1.43204926e+07	3	1.00000000e-01	4.16880000e-09	2.39877183e+07
1.12714349e+02	2023-06-02T11:57:14.356506	-5.00000000e-02	-4.12120000e-09	1.21323886e+07	3	1.50000000e-01	4.90390000e-09	3.05878994e+07
1.13047927e+02	2023-06-02T11:57:14.690236	-5.00000000e-02	-2.35910000e-09	2.11945233e+07	3	2.00000000e-01	3.56030000e-09	5.61750414e+07
1.13376947e+02	2023-06-02T11:57:15.018850	-5.00000000e-02	-2.41060000e-09	2.07417241e+07	3	2.50000000e-01	4.29740000e-09	5.81747103e+07
1.13721407e+02	2023-06-02T11:57:15.362986	-5.00000000e-02	-4.28520000e-09	1.16680668e+07	3	3.00000000e-01	3.96480000e-09	7.56658596e+07
1.14052948e+02	2023-06-02T11:57:15.694614	-5.00000000e-02	-3.64370000e-09	1.37223152e+07	3	3.50000000e-01	4.53080000e-09	7.72490509e+07
1.14388949e+02	2023-06-02T11:57:16.031192	-5.00000000e-02	1.57660000e-09	-3.17138145e+07	3	4.00000000e-01	1.10980000e-08	3.60425302e+07
1.14722445e+02	2023-06-02T11:57:16.363912	-5.00000000e-02	-3.33580000e-09	1.49889082e+07	3	4.50000000e-01	4.46970000e-09	1.00677898e+08
1.15051918e+02	2023-06-02T11:57:16.693742	-5.00000000e-02	-5.10180000e-09	9.80046258e+06	3	5.00000000e-01	5.01080000e-09	9.97844656e+07