Time elapsed	Time stamp	source_Bioprobe Voltage	source_Bioprobe Current	source_Bioprobe Resistance	trans_drain Voltage	trans_drain Current	trans_drain Resistance	trans_gate Voltage	trans_gate Current	trans_gate Resistance
s		V	A	V/A	V	A	V/A	V	A	V/A

1.11833099e+02	2023-01-26T11:59:59.367214	1.34913200e-04	2.83757800e-07	4.75451952e+02	-9.99093600e-02	-1.75503700e-11	5.69272101e+09	-8.00065100e-01	-2.95530500e-07	2.70721668e+06
1.12582965e+02	2023-01-26T12:00:00.117267	-3.24295200e-05	9.32311800e-08	-3.47839854e+02	-9.98906000e-02	-1.80637600e-09	5.52988968e+07	-7.49766200e-01	-1.23566300e-07	6.06772397e+06
1.13301872e+02	2023-01-26T12:00:00.836317	2.61408300e-05	4.08513500e-08	6.39901252e+02	-9.98926200e-02	-7.84970800e-10	1.27256479e+08	-6.99927600e-01	-4.07317400e-08	1.71838375e+07
1.14366097e+02	2023-01-26T12:00:01.900392	5.96108500e-05	1.14604200e-07	5.20145422e+02	-9.99177200e-02	-2.80628300e-11	3.56050049e+09	-6.49654100e-01	-8.20990800e-08	7.91304970e+06
1.16129928e+02	2023-01-26T12:00:03.664516	6.79781600e-05	6.00698800e-08	1.13165134e+03	-9.99274400e-02	6.67041900e-10	-1.49806841e+08	-5.99775900e-01	-4.00297000e-08	1.49832724e+07
1.16848530e+02	2023-01-26T12:00:04.382566	1.60014600e-04	9.29892500e-09	1.72078600e+04	-9.99414700e-02	-5.74982100e-11	1.73816663e+09	-5.49396400e-01	-1.11425800e-07	4.93060315e+06
1.17942757e+02	2023-01-26T12:00:05.476643	6.79761400e-05	-3.38178700e-08	-2.01006568e+03	-1.00000700e-01	-2.12241400e-10	4.71164909e+08	-4.99518500e-01	3.34863200e-08	-1.49170915e+07
1.19037829e+02	2023-01-26T12:00:06.571720	2.35320700e-04	-3.60499200e-08	-6.52763446e+03	-9.99331100e-02	1.67329000e-09	-5.97225287e+07	-4.49231400e-01	-1.18420500e-08	3.79352730e+07
1.19959535e+02	2023-01-26T12:00:07.493785	2.01853500e-04	-8.31839500e-08	-2.42659191e+03	-9.99394500e-02	-2.04938900e-11	4.87654857e+09	-3.99648300e-01	4.72682400e-08	-8.45490122e+06
1.21223695e+02	2023-01-26T12:00:08.757874	-1.56951400e-05	-2.19314200e-08	7.15646319e+02	-9.98508100e-02	-1.82231900e-09	5.47932662e+07	-3.49840700e-01	4.38126500e-08	-7.98492445e+06
1.22161181e+02	2023-01-26T12:00:09.694939	1.76748900e-04	-1.13144200e-07	-1.56215608e+03	-9.99240600e-02	2.38120700e-10	-4.19636176e+08	-2.99898200e-01	2.62191500e-08	-1.14381359e+07
1.23098548e+02	2023-01-26T12:00:10.633005	1.34913200e-04	-8.22241000e-08	-1.64079874e+03	-9.99658900e-02	-2.84992800e-10	3.50766370e+08	-2.50177600e-01	4.37009000e-08	-5.72476997e+06
1.24004912e+02	2023-01-26T12:00:11.539069	-6.58992500e-05	-1.21288300e-07	5.43327345e+02	-9.99157000e-02	-1.03518400e-09	9.65197491e+07	-1.99811800e-01	6.97202400e-08	-2.86590809e+06
1.24926845e+02	2023-01-26T12:00:12.461134	-3.24295200e-05	-1.32481600e-07	2.44785087e+02	-9.99227100e-02	-3.65732300e-10	2.73212702e+08	-1.49704300e-01	1.04085800e-07	-1.43827784e+06
1.25645590e+02	2023-01-26T12:00:13.180185	-3.24295200e-05	-1.68429600e-07	1.92540504e+02	-9.99170500e-02	-9.51088400e-10	1.05055482e+08	-9.99056700e-02	1.37911500e-07	-7.24418703e+05
1.26367513e+02	2023-01-26T12:00:13.902235	-7.32794300e-06	-1.80473100e-07	4.06040734e+01	-9.99227100e-02	-1.60661500e-09	6.21945581e+07	-5.01180900e-02	9.30752400e-08	-5.38468555e+05
1.27083782e+02	2023-01-26T12:00:14.618286	5.96083700e-05	-1.87574500e-07	-3.17785040e+02	-9.98829100e-02	-1.77649700e-09	5.62246432e+07	2.54355700e-04	1.08919100e-07	2.33527178e+03
1.27803308e+02	2023-01-26T12:00:15.337337	8.47088300e-05	-2.52594900e-07	-3.35354475e+02	-9.99491700e-02	-9.91826800e-10	1.00772806e+08	5.00409900e-02	1.05132500e-07	4.75980215e+05
1.28520577e+02	2023-01-26T12:00:16.054386	1.01443800e-04	-1.58682200e-07	-6.39289095e+02	-9.99344600e-02	-3.51008100e-10	2.84706991e+08	1.00013000e-01	7.17345000e-08	1.39421060e+06
1.29239536e+02	2023-01-26T12:00:16.773437	1.09812800e-04	-1.22963100e-07	-8.93054908e+02	-9.99163700e-02	5.98221000e-11	-1.67022505e+09	1.50093000e-01	1.00848700e-07	1.48829881e+06
1.30489505e+02	2023-01-26T12:00:18.023525	-1.56951400e-05	-1.20280900e-07	1.30487384e+02	-9.99100300e-02	-1.95004200e-10	5.12348093e+08	2.00241400e-01	1.78128400e-07	1.12414079e+06
1.31213495e+02	2023-01-26T12:00:18.747576	5.96083700e-05	-1.06611400e-07	-5.59118162e+02	-9.99163700e-02	-1.26857600e-09	7.87626205e+07	2.50029200e-01	1.13421000e-07	2.20443480e+06
1.31942447e+02	2023-01-26T12:00:19.476627	3.45075800e-05	-1.67222600e-07	-2.06357155e+02	-9.99575300e-02	-4.25447400e-10	2.34946858e+08	2.99833300e-01	8.29606400e-08	3.61416329e+06
1.32661211e+02	2023-01-26T12:00:20.195677	1.26547200e-04	-1.65288400e-07	-7.65614526e+02	-9.99387700e-02	-1.96527800e-11	5.08522306e+09	3.50003100e-01	1.05486900e-07	3.31797692e+06
1.33379933e+02	2023-01-26T12:00:20.914728	1.85113100e-04	-1.73712300e-07	-1.06563036e+03	-9.99903200e-02	4.94618200e-10	-2.02156572e+08	4.00085900e-01	1.40249700e-07	2.85266849e+06
1.34098710e+02	2023-01-26T12:00:21.632779	2.43684200e-04	-1.85501800e-07	-1.31364871e+03	-9.99407900e-02	1.15314500e-09	-8.66680166e+07	4.49914900e-01	2.10053900e-07	2.14190215e+06
1.34817329e+02	2023-01-26T12:00:22.351829	2.52060800e-04	-2.29550700e-07	-1.09806156e+03	-9.99839700e-02	1.76540500e-09	-5.66351460e+07	4.99961500e-01	2.87503200e-07	1.73897717e+06
1.35535845e+02	2023-01-26T12:00:23.069879	5.96090000e-05	-3.34248900e-07	-1.78337161e+02	-9.99812800e-02	1.76667800e-09	-5.65928143e+07	5.50647600e-01	3.70441900e-07	1.48646144e+06
1.36255023e+02	2023-01-26T12:00:23.788930	-9.93680700e-05	-4.64227000e-07	2.14050605e+02	-9.99331100e-02	-7.84555300e-10	1.27375483e+08	6.00250800e-01	5.18572800e-07	1.15750537e+06
1.36973349e+02	2023-01-26T12:00:24.507981	1.01445600e-04	-5.02979200e-07	-2.01689454e+02	-9.98668600e-02	2.81422700e-10	-3.54864266e+08	6.50202800e-01	5.66098400e-07	1.14856852e+06
1.37816996e+02	2023-01-26T12:00:25.351039	6.79747800e-05	-6.40783800e-07	-1.06080678e+02	-9.99665700e-02	6.40106500e-10	-1.56171778e+08	7.00150500e-01	5.13479700e-07	1.36354076e+06
1.38504607e+02	2023-01-26T12:00:26.039088	1.18179000e-04	-6.10354700e-07	-1.93623478e+02	-9.99561800e-02	-1.78323600e-09	5.60532537e+07	7.50175000e-01	6.73301300e-07	1.11417429e+06
1.39192119e+02	2023-01-26T12:00:26.726137	7.63410700e-05	-7.31019800e-07	-1.04430920e+02	-9.99066600e-02	7.04032000e-10	-1.41906419e+08	8.00182100e-01	7.15674700e-07	1.11808074e+06
1.39862239e+02	2023-01-26T12:00:27.396183	1.18181000e-04	-6.95388700e-07	-1.69949555e+02	-9.99233900e-02	9.93502600e-11	-1.00576878e+09	8.00073900e-01	7.48371200e-07	1.06908697e+06
1.40051316e+02	2023-01-26T12:00:27.586196	7.63425300e-05	-6.31422100e-07	-1.20905698e+02	-9.98835800e-02	1.00427100e-09	-9.94587915e+07	7.50073000e-01	6.45710800e-07	1.16162375e+06
1.40754576e+02	2023-01-26T12:00:28.289246	5.96090000e-05	-5.68637000e-07	-1.04827860e+02	-9.99498300e-02	1.63585400e-09	-6.10994808e+07	7.00082500e-01	5.27155600e-07	1.32803768e+06
1.41445929e+02	2023-01-26T12:00:28.980295	8.47104100e-05	-4.48523900e-07	-1.88864874e+02	-9.99575300e-02	-3.48914100e-10	2.86481773e+08	6.50127100e-01	5.31625900e-07	1.22290336e+06
1.41989506e+02	2023-01-26T12:00:29.524333	2.43684200e-04	-3.14014200e-07	-7.76029237e+02	-9.99381000e-02	7.11763900e-11	-1.40409060e+09	6.00054900e-01	4.81034400e-07	1.24742617e+06
1.42864190e+02	2023-01-26T12:00:30.398395	3.18995000e-04	-2.46054300e-07	-1.29644148e+03	-9.99184000e-02	6.20356400e-10	-1.61066123e+08	5.50175500e-01	2.76949500e-07	1.98655531e+06
1.43582958e+02	2023-01-26T12:00:31.117446	2.10214200e-04	-1.73954100e-07	-1.20844637e+03	-9.99575300e-02	1.31083500e-09	-7.62548528e+07	4.99802700e-01	2.47506000e-07	2.01935589e+06
1.44306891e+02	2023-01-26T12:00:31.841496	5.96114700e-05	-1.23606900e-07	-4.82266524e+02	-9.98899300e-02	2.12469600e-10	-4.70137516e+08	4.50126300e-01	2.28793200e-07	1.96739370e+06
1.45036106e+02	2023-01-26T12:00:32.570547	-1.56950200e-05	-1.70901600e-07	9.18365890e+01	-9.99247400e-02	1.62005600e-10	-6.16798061e+08	4.00303200e-01	2.07120200e-07	1.93270961e+06
1.45754938e+02	2023-01-26T12:00:33.289598	-8.26320900e-05	-1.50185300e-07	5.50200918e+02	-9.98996500e-02	-9.48534700e-10	1.05319974e+08	3.50173800e-01	1.84396800e-07	1.89902319e+06
1.46481282e+02	2023-01-26T12:00:34.015649	-4.07969000e-05	-1.36510100e-07	2.98856275e+02	-9.98731900e-02	-1.68654300e-09	5.92176956e+07	3.00195000e-01	4.41560800e-08	6.79849751e+06
1.47053233e+02	2023-01-26T12:00:34.587689	-7.32878600e-06	-1.12934400e-07	6.48941864e+01	-9.98738700e-02	-1.38289200e-09	7.22210194e+07	2.49709600e-01	4.62902800e-08	5.39442838e+06
1.47770579e+02	2023-01-26T12:00:35.304739	7.63440100e-05	-9.81892200e-08	-7.77519263e+02	-9.99679200e-02	-4.49394400e-10	2.22450302e+08	1.99887400e-01	4.89039300e-08	4.08734840e+06
1.48676811e+02	2023-01-26T12:00:36.211803	-4.91639400e-05	-7.23107300e-08	6.79898267e+02	-9.99665700e-02	1.77249300e-09	-5.63988518e+07	1.50387800e-01	2.32464700e-08	6.46927469e+06
1.49945736e+02	2023-01-26T12:00:37.479892	-7.42661100e-05	-9.07209400e-09	8.18621478e+03	-9.99317600e-02	-6.73095200e-10	1.48466012e+08	9.97021400e-02	8.09636500e-08	1.23144325e+06
1.50692649e+02	2023-01-26T12:00:38.227464	1.51643800e-04	3.33457200e-09	4.54762410e+04	-9.99261000e-02	1.11065800e-09	-8.99701798e+07	5.06017600e-02	-9.10764900e-09	-5.55596291e+06
1.51629804e+02	2023-01-26T12:00:39.164673	1.76750300e-04	1.90240000e-08	9.29091148e+03	-9.99819500e-02	1.02445500e-09	-9.75952580e+07	-1.13686700e-04	-8.86078200e-08	1.28303236e+03
1.52567429e+02	2023-01-26T12:00:40.101738	1.09813700e-04	1.64176300e-07	6.68876689e+02	-9.99023500e-02	1.70990900e-09	-5.84255361e+07	-4.99337300e-02	-6.46889300e-08	7.71905332e+05
1.53301866e+02	2023-01-26T12:00:40.836790	4.28752200e-05	3.60620300e-07	1.18892974e+02	-9.98982900e-02	-1.71872700e-10	5.81234193e+08	-9.97738600e-02	-5.90235900e-08	1.69040650e+06
1.54021215e+02	2023-01-26T12:00:41.555841	9.40672900e-06	1.57122100e-07	5.98689109e+01	-9.99240600e-02	-8.61070900e-10	1.16046263e+08	-1.49729400e-01	-5.82686600e-08	2.56963864e+06
1.54739308e+02	2023-01-26T12:00:42.273892	6.79768000e-05	1.40039000e-07	4.85413349e+02	-9.98263800e-02	-1.66087100e-09	6.01048366e+07	-1.99828500e-01	-1.26341400e-07	1.58165494e+06
1.55460305e+02	2023-01-26T12:00:42.994942	2.18584600e-04	1.37749000e-07	1.58683257e+03	-9.99505100e-02	1.43925000e-10	-6.94462463e+08	-2.50008600e-01	-1.76055900e-07	1.42005238e+06
1.56192445e+02	2023-01-26T12:00:43.726994	2.10220700e-04	2.99297200e-07	7.02381111e+02	-9.99351300e-02	8.41542200e-10	-1.18752369e+08	-2.99912900e-01	-2.37671900e-07	1.26187782e+06
1.56911236e+02	2023-01-26T12:00:44.446044	1.51646300e-04	2.77450800e-07	5.46570059e+02	-9.99735800e-02	1.60895400e-09	-6.21357603e+07	-3.49883800e-01	-1.62210800e-07	2.15696982e+06
1.57630087e+02	2023-01-26T12:00:45.165095	6.79747800e-05	2.33456900e-07	2.91166292e+02	-9.99686000e-02	1.57742700e-09	-6.33744699e+07	-3.99372000e-01	-1.44659500e-07	2.76077271e+06
1.58348697e+02	2023-01-26T12:00:45.883145	2.61400500e-05	1.95491600e-07	1.33714441e+02	-9.99080100e-02	4.98417000e-10	-2.00450647e+08	-4.49900800e-01	-1.18119500e-07	3.80886136e+06
1.59067281e+02	2023-01-26T12:00:46.602195	1.03902500e-06	1.59406700e-07	6.51807609e+00	-9.99010000e-02	8.84187900e-11	-1.12986165e+09	-4.99848100e-01	-1.09565700e-07	4.56208558e+06
1.59786177e+02	2023-01-26T12:00:47.321246	-5.75313100e-05	1.38185600e-07	-4.16333612e+02	-9.99066600e-02	-1.33448900e-11	7.48651057e+09	-5.49913100e-01	-8.54041000e-08	6.43895434e+06
1.60505650e+02	2023-01-26T12:00:48.040297	-4.07968400e-05	1.39703800e-07	-2.92023839e+02	-9.98849400e-02	-1.27399200e-09	7.84031140e+07	-5.99633900e-01	-1.33372500e-07	4.49593357e+06
1.61223754e+02	2023-01-26T12:00:48.758348	6.79781600e-05	1.87614300e-07	3.62329311e+02	-9.99003200e-02	-1.75466500e-09	5.69341270e+07	-6.49615800e-01	-1.59012400e-07	4.08531536e+06
1.61945316e+02	2023-01-26T12:00:49.480398	1.26547200e-04	2.09385500e-07	6.04374228e+02	-1.00009800e-01	-9.73758400e-10	1.02704942e+08	-7.00061500e-01	-1.92675900e-07	3.63336307e+06
1.62661767e+02	2023-01-26T12:00:50.196448	1.68381800e-04	2.51860500e-07	6.68551837e+02	-9.99491700e-02	-2.88775600e-10	3.46113626e+08	-7.49898300e-01	-2.40554600e-07	3.11737252e+06
1.63380806e+02	2023-01-26T12:00:50.915499	1.68380400e-04	3.37383100e-07	4.99077755e+02	-9.99595600e-02	2.51995700e-10	-3.96671689e+08	-7.99915000e-01	-2.64887500e-07	3.01982917e+06