Time elapsed	Time stamp	source_Bioprobe Voltage	source_Bioprobe Current	source_Bioprobe Resistance	trans_drain Voltage	trans_drain Current	trans_drain Resistance	Loop1 Index	trans_gate Voltage	trans_gate Current	trans_gate Resistance
s		V	A	V/A	V	A	V/A		V	A	V/A

1.59259904e+02	2023-04-12T13:46:20.707859	5.12401700e-05	-6.96711600e-05	-7.35457397e-01	-1.00017400e-01	-6.18752800e-09	1.61643551e+07	1	1.50020500e+00	6.62327700e-05	2.26504946e+04
1.60118908e+02	2023-04-12T13:46:21.566918	6.79734300e-05	-6.42997000e-05	-1.05713448e+00	-9.98919600e-02	-6.73745000e-09	1.48263750e+07	1	1.45014500e+00	6.33800500e-05	2.28801492e+04
1.60669617e+02	2023-04-12T13:46:22.117957	6.79741100e-05	-6.15149400e-05	-1.10500165e+00	-9.99170500e-02	-9.50655600e-10	1.05103310e+08	1	1.40015600e+00	6.11928700e-05	2.28810317e+04
1.61228432e+02	2023-04-12T13:46:22.676996	7.63440100e-05	-5.93531000e-05	-1.28626828e+00	-9.99491700e-02	2.61818900e-11	-3.81749255e+09	1	1.35018100e+00	5.91288800e-05	2.28345438e+04
1.61782566e+02	2023-04-12T13:46:23.231035	7.63418000e-05	-5.74612100e-05	-1.32857975e+00	-9.99973300e-02	-4.53626000e-09	2.20440032e+07	1	1.30020000e+00	5.73450300e-05	2.26732814e+04
1.62337421e+02	2023-04-12T13:46:23.786073	8.47104100e-05	-5.54664500e-05	-1.52723692e+00	-9.98996500e-02	-4.73774400e-09	2.10859114e+07	1	1.25016800e+00	5.53127500e-05	2.26018052e+04
1.62884302e+02	2023-04-12T13:46:24.333112	1.01445600e-04	-5.35608200e-05	-1.89402627e+00	-9.99344600e-02	8.42120700e-11	-1.18669996e+09	1	1.20013900e+00	5.34919000e-05	2.24359015e+04
1.63436641e+02	2023-04-12T13:46:24.885151	5.96077600e-05	-5.15251800e-05	-1.15686660e+00	-1.00014100e-01	-1.66759800e-09	5.99749460e+07	1	1.15017500e+00	5.15235100e-05	2.23233044e+04
1.63837570e+02	2023-04-12T13:46:25.286178	5.96071300e-05	-4.96633200e-05	-1.20022443e+00	-9.98417700e-02	-4.15276200e-09	2.40422567e+07	1	1.10014700e+00	4.96308400e-05	2.21666004e+04
1.64252683e+02	2023-04-12T13:46:25.701208	8.47104100e-05	-4.76774600e-05	-1.77673916e+00	-9.99317600e-02	4.99250900e-10	-2.00163405e+08	1	1.05012700e+00	4.77689400e-05	2.19834688e+04
1.64650055e+02	2023-04-12T13:46:26.098236	5.96071300e-05	-4.56048600e-05	-1.30703460e+00	-1.00005700e-01	-1.25197000e-10	7.98786712e+08	1	1.00014400e+00	4.56708300e-05	2.18989670e+04
1.65061698e+02	2023-04-12T13:46:26.510264	1.09811800e-04	-4.34258600e-05	-2.52871906e+00	-9.98815700e-02	-3.51820200e-09	2.83899475e+07	1	9.50135300e-01	4.34156300e-05	2.18846369e+04
1.65462527e+02	2023-04-12T13:46:26.911292	8.47104100e-05	-4.10873400e-05	-2.06171560e+00	-9.98745500e-02	4.42893500e-10	-2.25504664e+08	1	9.00144200e-01	4.11664400e-05	2.18659714e+04
1.65874828e+02	2023-04-12T13:46:27.323321	5.96083700e-05	-3.87461400e-05	-1.53843376e+00	-9.99484900e-02	1.46892600e-09	-6.80418823e+07	1	8.50118500e-01	3.85226600e-05	2.20680114e+04
1.66561798e+02	2023-04-12T13:46:28.010369	8.47112000e-05	-3.60125700e-05	-2.35226756e+00	-9.98982900e-02	-2.59265000e-09	3.85313444e+07	1	8.00119200e-01	3.57511300e-05	2.23802492e+04
1.67107837e+02	2023-04-12T13:46:28.556408	5.96077600e-05	-3.31908000e-05	-1.79591212e+00	-9.99381000e-02	1.12286800e-09	-8.90025364e+07	1	7.50103000e-01	3.28719900e-05	2.28189106e+04
1.67650020e+02	2023-04-12T13:46:29.098445	5.12424200e-05	-3.02823600e-05	-1.69215411e+00	-9.99401200e-02	5.85875100e-10	-1.70582638e+08	1	7.00151500e-01	2.98314500e-05	2.34702470e+04
1.68197159e+02	2023-04-12T13:46:29.645484	5.96071300e-05	-2.72439300e-05	-2.18790498e+00	-9.99066600e-02	-3.18056300e-09	3.14116274e+07	1	6.50185700e-01	2.67734800e-05	2.42846914e+04
1.68749035e+02	2023-04-12T13:46:30.197522	5.12412900e-05	-2.42898600e-05	-2.10957535e+00	-9.99855900e-02	-8.63362600e-09	1.15809499e+07	1	6.00142600e-01	2.38940000e-05	2.51168745e+04
1.69301941e+02	2023-04-12T13:46:30.750561	5.12412900e-05	-2.14661800e-05	-2.38707073e+00	-9.99652200e-02	-3.81027100e-08	2.62357244e+06	1	5.50120700e-01	2.11364600e-05	2.60270973e+04
1.69837554e+02	2023-04-12T13:46:31.285598	8.47104100e-05	-1.87669200e-05	-4.51381527e+00	-9.99240600e-02	-1.35649400e-07	7.36634736e+05	1	5.00144000e-01	1.84734100e-05	2.70737238e+04
1.70525539e+02	2023-04-12T13:46:31.973647	6.79761400e-05	-1.61534200e-05	-4.20815778e+00	-9.99317600e-02	-3.03572400e-07	3.29185921e+05	1	4.50118600e-01	1.63086800e-05	2.75999406e+04
1.71076558e+02	2023-04-12T13:46:32.524685	7.63440100e-05	-1.36773000e-05	-5.58180416e+00	-9.99331100e-02	-7.17661300e-07	1.39248292e+05	1	4.00143900e-01	1.41949100e-05	2.81892523e+04
1.71749148e+02	2023-04-12T13:46:33.197732	8.47080500e-05	-1.10337600e-05	-7.67716989e+00	-9.98996500e-02	-1.33022700e-06	7.50997010e+04	1	3.50116500e-01	1.22263100e-05	2.86363179e+04
1.72264159e+02	2023-04-12T13:46:33.712768	6.79761400e-05	-8.14178600e-06	-8.34904528e+00	-9.99471400e-02	-2.30914500e-06	4.32831806e+04	1	3.00111400e-01	1.03248200e-05	2.90669862e+04
1.72775030e+02	2023-04-12T13:46:34.223804	8.47088300e-05	-4.81618600e-06	-1.75883635e+01	-9.99401200e-02	-3.77663500e-06	2.64627426e+04	1	2.50111100e-01	8.49033100e-06	2.94583450e+04
1.73290631e+02	2023-04-12T13:46:34.738839	5.12401700e-05	8.82706800e-08	5.80489127e+02	-9.99136800e-02	-7.23414600e-06	1.38113994e+04	1	2.00108900e-01	6.80097200e-06	2.94235736e+04
1.74275027e+02	2023-04-12T13:46:35.723909	9.30792300e-05	6.60009900e-06	1.41027021e+01	-9.99826300e-02	-1.17811300e-05	8.48667573e+03	1	1.50074300e-01	5.13201000e-06	2.92427918e+04
1.75082230e+02	2023-04-12T13:46:36.530965	7.63432700e-05	1.33600700e-05	5.71428668e+00	-9.99317600e-02	-1.70285700e-05	5.86847633e+03	1	1.00097300e-01	3.46754400e-06	2.88669156e+04
1.75712759e+02	2023-04-12T13:46:37.161009	9.30767000e-05	2.28248200e-05	4.07787225e+00	-9.99170500e-02	-2.49275200e-05	4.00830287e+03	1	5.00577200e-02	1.79844200e-06	2.78339363e+04
1.76354459e+02	2023-04-12T13:46:37.803055	5.12401700e-05	3.46577300e-05	1.47846296e+00	-9.99163700e-02	-3.52370000e-05	2.83555269e+03	1	9.54131200e-05	1.14390100e-07	8.34102951e+02
1.76884715e+02	2023-04-12T13:46:38.333091	8.47112000e-05	4.81640500e-05	1.75880558e+00	-9.99157000e-02	-4.72295300e-05	2.11553450e+03	1	-4.99420900e-02	-1.58990000e-06	3.14120951e+04
1.77540998e+02	2023-04-12T13:46:38.989137	8.47119800e-05	6.80770000e-05	1.24435536e+00	-9.99157000e-02	-6.70088100e-05	1.49108304e+03	1	-9.99628800e-02	-3.39047000e-06	2.94834875e+04
1.78482515e+02	2023-04-12T13:46:39.931203	8.47112000e-05	8.78505900e-05	9.64264440e-01	-9.99407900e-02	-8.33012500e-05	1.19975138e+03	1	-1.49888400e-01	-5.20297200e-06	2.88082273e+04
1.79000592e+02	2023-04-12T13:46:40.449239	9.30783900e-05	1.07039800e-04	8.69568049e-01	-9.99227100e-02	-1.00890800e-04	9.90404576e+02	1	-1.99909500e-01	-7.03529800e-06	2.84152143e+04
1.79494609e+02	2023-04-12T13:46:40.943274	1.01444700e-04	1.27752700e-04	7.94070889e-01	-9.99324300e-02	-1.19798900e-04	8.34168177e+02	1	-2.49914900e-01	-8.95869500e-06	2.78963510e+04
1.80009929e+02	2023-04-12T13:46:41.458309	5.96096200e-05	1.49394000e-04	3.99009465e-01	-9.99401200e-02	-1.39976500e-04	7.13977846e+02	1	-2.99921300e-01	-1.10150200e-05	2.72283936e+04
1.80540798e+02	2023-04-12T13:46:41.989347	1.09813700e-04	1.71293800e-04	6.41083915e-01	-9.99150200e-02	-1.59381700e-04	6.26891419e+02	1	-3.49890900e-01	-1.31330900e-05	2.66419327e+04
1.81056274e+02	2023-04-12T13:46:42.505383	8.47119800e-05	1.92056400e-04	4.41078662e-01	-9.99233900e-02	-1.77975200e-04	5.61445583e+02	1	-3.99921900e-01	-1.53034800e-05	2.61327424e+04
1.81572025e+02	2023-04-12T13:46:43.020418	6.79754600e-05	2.11458200e-04	3.21460506e-01	-9.99394500e-02	-1.95041400e-04	5.12401213e+02	1	-4.49942500e-01	-1.75517900e-05	2.56351347e+04
1.82092671e+02	2023-04-12T13:46:43.541455	8.47088300e-05	2.29010600e-04	3.69890433e-01	-9.99331100e-02	-2.10302400e-04	4.75187682e+02	1	-4.99904900e-01	-1.98853500e-05	2.51393564e+04
1.82607703e+02	2023-04-12T13:46:44.056491	1.01444700e-04	2.44700600e-04	4.14566617e-01	-9.99401200e-02	-2.23582900e-04	4.46993576e+02	1	-5.49922400e-01	-2.22583100e-05	2.47063861e+04
1.83119180e+02	2023-04-12T13:46:44.567527	1.01442900e-04	2.58569200e-04	3.92323989e-01	-9.99568600e-02	-2.34972600e-04	4.25397940e+02	1	-5.99914000e-01	-2.46219400e-05	2.43650175e+04
1.83634758e+02	2023-04-12T13:46:45.083564	7.63418000e-05	2.70894000e-04	2.81814289e-01	-9.99093600e-02	-2.44636800e-04	4.08398736e+02	1	-6.49905400e-01	-2.69745100e-05	2.40933162e+04
1.84160825e+02	2023-04-12T13:46:45.609600	6.79741100e-05	2.81465900e-04	2.41500338e-01	-9.99233900e-02	-2.52781500e-04	3.95295502e+02	1	-6.99926100e-01	-2.94499900e-05	2.37665989e+04
1.84795811e+02	2023-04-12T13:46:46.244645	9.30775400e-05	2.91552100e-04	3.19248395e-01	-9.99715500e-02	-2.60229200e-04	3.84167303e+02	1	-7.49916800e-01	-3.17991400e-05	2.35829271e+04
1.85417223e+02	2023-04-12T13:46:46.865687	8.47096200e-05	2.99539700e-04	2.82799308e-01	-9.99247400e-02	-2.65747700e-04	3.76013565e+02	1	-7.99906700e-01	-3.40036100e-05	2.35241699e+04
1.86038924e+02	2023-04-12T13:46:47.487732	7.63418000e-05	3.03121500e-04	2.51852145e-01	-9.99582100e-02	-2.69076500e-04	3.71486213e+02	1	-7.99934800e-01	-3.40704600e-05	2.34788377e+04
1.86207591e+02	2023-04-12T13:46:47.656744	8.47104100e-05	3.02019800e-04	2.80479657e-01	-9.99324300e-02	-2.69661700e-04	3.70584440e+02	1	-7.49930100e-01	-3.23371200e-05	2.31909985e+04
1.86845997e+02	2023-04-12T13:46:48.294788	7.63418000e-05	3.00751600e-04	2.53836721e-01	-9.99645400e-02	-2.70067200e-04	3.70146912e+02	1	-6.99944400e-01	-3.04347100e-05	2.29982280e+04
1.87483045e+02	2023-04-12T13:46:48.931833	9.30767000e-05	2.97849000e-04	3.12496265e-01	-9.99407900e-02	-2.69098200e-04	3.71391522e+02	1	-6.49904500e-01	-2.84524100e-05	2.28418085e+04
1.88124015e+02	2023-04-12T13:46:49.572877	9.30758600e-05	2.93592300e-04	3.17024186e-01	-9.99310800e-02	-2.66798500e-04	3.74556379e+02	1	-5.99905900e-01	-2.64376900e-05	2.26913130e+04
1.88640059e+02	2023-04-12T13:46:50.088914	7.63418000e-05	2.88237500e-04	2.64857279e-01	-9.99484900e-02	-2.63477400e-04	3.79343693e+02	1	-5.49909400e-01	-2.43417800e-05	2.25911745e+04
1.89154558e+02	2023-04-12T13:46:50.603613	1.01445600e-04	2.81975700e-04	3.59767171e-01	-9.99317600e-02	-2.59255300e-04	3.85456961e+02	1	-4.99931600e-01	-2.21897800e-05	2.25298133e+04
1.89672228e+02	2023-04-12T13:46:51.120650	6.79727500e-05	2.74594900e-04	2.47538283e-01	-9.99903200e-02	-2.53916900e-04	3.93791512e+02	1	-4.49938700e-01	-2.00211400e-05	2.24731808e+04
1.90197932e+02	2023-04-12T13:46:51.646686	8.47080500e-05	2.65847700e-04	3.18633752e-01	-9.99240600e-02	-2.47488000e-04	4.03753152e+02	1	-3.99924300e-01	-1.77897100e-05	2.24806531e+04
1.90697456e+02	2023-04-12T13:46:52.146721	9.30716300e-05	2.55912400e-04	3.63685503e-01	-9.99240600e-02	-2.39785600e-04	4.16722522e+02	1	-3.49903900e-01	-1.55208500e-05	2.25441197e+04
1.91218772e+02	2023-04-12T13:46:52.667758	9.30707900e-05	2.44785300e-04	3.80213967e-01	-9.99665700e-02	-2.30831000e-04	4.33072551e+02	1	-2.99927600e-01	-1.31917800e-05	2.27359462e+04
1.91734311e+02	2023-04-12T13:46:53.182794	1.01442900e-04	2.32592100e-04	4.36140780e-01	-9.99073300e-02	-2.21027100e-04	4.52013939e+02	1	-2.49916600e-01	-1.08626700e-05	2.30069219e+04
1.92247901e+02	2023-04-12T13:46:53.696830	9.30767000e-05	2.19423500e-04	4.24187473e-01	-9.99715500e-02	-2.10187400e-04	4.75630556e+02	1	-1.99895400e-01	-8.55094800e-06	2.33769870e+04
1.92764934e+02	2023-04-12T13:46:54.213865	1.18179000e-04	2.05387300e-04	5.75395850e-01	-9.99163700e-02	-1.98420900e-04	5.03557690e+02	1	-1.49927100e-01	-6.25243000e-06	2.39790130e+04
1.93279994e+02	2023-04-12T13:46:54.728901	8.47088300e-05	1.90449600e-04	4.44783449e-01	-9.99394500e-02	-1.85805400e-04	5.37871612e+02	1	-9.99377900e-02	-3.92088500e-06	2.54885797e+04
1.93917366e+02	2023-04-12T13:46:55.365945	6.79734300e-05	1.74013000e-04	3.90622712e-01	-9.99407900e-02	-1.71729600e-04	5.81966009e+02	1	-4.99521500e-02	-1.62636100e-06	3.07140604e+04
1.94557040e+02	2023-04-12T13:46:56.005991	6.79720700e-05	1.57089100e-04	4.32697558e-01	-9.99324300e-02	-1.57013100e-04	6.36459187e+02	1	6.19685500e-05	6.53151800e-07	9.48761835e+01
1.95197192e+02	2023-04-12T13:46:56.646035	8.47080500e-05	1.39651300e-04	6.06568288e-01	-9.99324300e-02	-1.41944600e-04	7.04024176e+02	1	5.00667500e-02	2.92707100e-06	1.71047269e+04
1.95837786e+02	2023-04-12T13:46:57.287080	6.79754600e-05	1.22146600e-04	5.56507181e-01	-9.99163700e-02	-1.26697200e-04	7.88623348e+02	1	1.00096000e-01	5.19928900e-06	1.92518631e+04
1.96357364e+02	2023-04-12T13:46:57.806117	8.47088300e-05	1.05595600e-04	8.02200376e-01	-9.99575300e-02	-1.12341900e-04	8.89761790e+02	1	1.50084700e-01	7.53079000e-06	1.99294762e+04
1.96873166e+02	2023-04-12T13:46:58.322152	8.47112000e-05	8.90914100e-05	9.50834654e-01	-9.99812800e-02	-9.81889400e-05	1.01825399e+03	1	2.00092500e-01	9.90228900e-06	2.02066916e+04
1.97390264e+02	2023-04-12T13:46:58.839189	9.30775400e-05	7.27856100e-05	1.27879041e+00	-9.99247400e-02	-8.42978700e-05	1.18537681e+03	1	2.50134600e-01	1.23099900e-05	2.03196428e+04
1.97904260e+02	2023-04-12T13:46:59.353225	8.47119800e-05	5.70191000e-05	1.48567726e+00	-9.99819500e-02	-7.09104400e-05	1.40997503e+03	1	3.00067500e-01	1.47359500e-05	2.03629559e+04
1.98422270e+02	2023-04-12T13:46:59.871261	9.30792300e-05	4.19199500e-05	2.22040413e+00	-9.99247400e-02	-5.84083500e-05	1.71079546e+03	1	3.50124900e-01	1.72154500e-05	2.03378303e+04
1.98936408e+02	2023-04-12T13:47:00.385297	7.63388700e-05	2.59535400e-05	2.94136638e+00	-9.99387700e-02	-4.50553100e-05	2.21813522e+03	1	4.00091300e-01	1.97781600e-05	2.02289445e+04
1.99587593e+02	2023-04-12T13:47:01.036342	9.30783900e-05	1.36225600e-05	6.83266508e+00	-9.99729000e-02	-3.40910800e-05	2.93252370e+03	1	4.50107200e-01	2.23445100e-05	2.01439727e+04
2.00253433e+02	2023-04-12T13:47:01.702389	8.47096200e-05	-2.00426900e-06	-4.22645962e+01	-9.99437600e-02	-2.27002900e-05	4.40275256e+03	1	5.00137300e-01	2.48701200e-05	2.01099673e+04
2.01212524e+02	2023-04-12T13:47:02.661456	8.47112000e-05	-1.10262400e-05	-7.68269147e+00	-9.99428300e-02	-1.61681400e-05	6.18146738e+03	1	5.50096500e-01	2.74711100e-05	2.00245458e+04
2.01874579e+02	2023-04-12T13:47:03.323502	6.79747800e-05	-1.82738800e-05	-3.71977818e+00	-9.99317600e-02	-1.15711100e-05	8.63631579e+03	1	6.00150700e-01	3.01987300e-05	1.98733755e+04
2.02389178e+02	2023-04-12T13:47:03.838539	8.47112000e-05	-2.47951000e-05	-3.41644922e+00	-9.99407900e-02	-7.77968600e-06	1.28463784e+04	1	6.50168900e-01	3.29853000e-05	1.97108682e+04
2.02915634e+02	2023-04-12T13:47:04.364575	5.12407300e-05	-3.04995800e-05	-1.68004707e+00	-9.99163700e-02	-5.00814100e-06	1.99507901e+04	1	7.00157800e-01	3.57842900e-05	1.95660666e+04
2.03417384e+02	2023-04-12T13:47:04.866610	7.63418000e-05	-3.53553900e-05	-2.15926907e+00	-9.99150200e-02	-2.77536000e-06	3.60007422e+04	1	7.50131600e-01	3.86249400e-05	1.94209130e+04
2.04089693e+02	2023-04-12T13:47:05.538658	5.96102300e-05	-3.96589700e-05	-1.50307055e+00	-9.99561800e-02	-1.59115400e-06	6.28199282e+04	1	8.00091100e-01	4.12886700e-05	1.93779819e+04
2.04462635e+02	2023-04-12T13:47:05.911684	5.96071300e-05	-4.32053700e-05	-1.37962318e+00	-9.99100300e-02	-9.11033400e-07	1.09666704e+05	1	8.50135200e-01	4.41986900e-05	1.92343981e+04
2.04842960e+02	2023-04-12T13:47:06.291710	5.12424200e-05	-4.66123200e-05	-1.09933211e+00	-9.99401200e-02	-4.48495400e-07	2.22834214e+05	1	9.00134400e-01	4.70488800e-05	1.91318986e+04
2.05212895e+02	2023-04-12T13:47:06.661736	4.28742100e-05	-4.97517300e-05	-8.61763199e-01	-9.98933000e-02	-1.38516900e-07	7.21163266e+05	1	9.50179100e-01	4.96787800e-05	1.91264580e+04
2.05744694e+02	2023-04-12T13:47:07.193773	1.01446500e-04	-5.21995300e-05	-1.94343704e+00	-9.99317600e-02	-4.86911200e-08	2.05236109e+06	1	1.00019800e+00	5.20204300e-05	1.92270229e+04
2.06290768e+02	2023-04-12T13:47:07.739811	4.28747200e-05	-5.47521900e-05	-7.83068586e-01	-9.99163700e-02	-7.84644700e-09	1.27339635e+07	1	1.05019500e+00	5.41601600e-05	1.93905446e+04
2.07009651e+02	2023-04-12T13:47:08.458861	5.96090000e-05	-5.68081300e-05	-1.04930403e+00	-9.99394500e-02	-3.67774300e-09	2.71741255e+07	1	1.10019800e+00	5.63567900e-05	1.95220132e+04
2.07560807e+02	2023-04-12T13:47:09.009900	5.96077600e-05	-5.88618000e-05	-1.01267307e+00	-9.99909900e-02	-4.20112000e-09	2.38010316e+07	1	1.15018500e+00	5.80139400e-05	1.98260108e+04
2.08108853e+02	2023-04-12T13:47:09.557938	9.30775400e-05	-6.02283400e-05	-1.54541101e+00	-9.99100300e-02	-8.26647300e-09	1.20861739e+07	1	1.20015500e+00	5.91533100e-05	2.02888900e+04
2.08650814e+02	2023-04-12T13:47:10.099977	5.96077600e-05	-6.11510900e-05	-9.74762020e-01	-9.98996500e-02	-4.45810600e-09	2.24085408e+07	1	1.25016900e+00	5.99633000e-05	2.08489026e+04
2.09197258e+02	2023-04-12T13:47:10.646014	6.79754600e-05	-6.15145300e-05	-1.10503096e+00	-9.99909900e-02	-6.17621600e-09	1.61896848e+07	1	1.30015600e+00	6.04300700e-05	2.15150504e+04
2.09743912e+02	2023-04-12T13:47:11.193052	8.47080500e-05	-6.19107100e-05	-1.36822934e+00	-9.99086800e-02	-9.18418500e-09	1.08783392e+07	1	1.35018900e+00	6.11752300e-05	2.20708447e+04
2.10290753e+02	2023-04-12T13:47:11.740091	4.28742100e-05	-6.25024800e-05	-6.85960141e-01	-9.99331100e-02	-6.44483000e-09	1.55059342e+07	1	1.40023800e+00	6.17841500e-05	2.26633854e+04
2.10838209e+02	2023-04-12T13:47:12.287130	5.12396000e-05	-6.33070900e-05	-8.09381698e-01	-9.99769600e-02	-1.08116100e-08	9.24718520e+06	1	1.45020100e+00	6.28417700e-05	2.30770235e+04
2.11368901e+02	2023-04-12T13:47:12.818166	9.30800700e-05	-6.44511000e-05	-1.44419676e+00	-9.99227100e-02	-1.43091400e-08	6.98313875e+06	1	1.50017000e+00	6.41651500e-05	2.33798253e+04