Time elapsed	Time stamp	source_Bioprobe Voltage	source_Bioprobe Current	source_Bioprobe Resistance	trans_drain Voltage	trans_drain Current	trans_drain Resistance	Loop1 Index	trans_gate Voltage	trans_gate Current	trans_gate Resistance
s		V	A	V/A	V	A	V/A		V	A	V/A

8.53824912e+01	2023-04-12T13:29:17.743797	7.63425300e-05	-2.69251400e-09	-2.83536242e+04	-2.99957700e-01	-2.40675500e-08	1.24631589e+07	2	1.50075200e+00	2.72111000e-08	5.51521989e+07
8.56351676e+01	2023-04-12T13:29:17.996815	1.09809900e-04	-6.23026700e-09	-1.76252318e+04	-2.99909500e-01	-2.29397300e-08	1.30738025e+07	2	1.45026300e+00	6.46737100e-08	2.24243050e+07
8.63895913e+01	2023-04-12T13:29:18.750868	3.45075800e-05	-2.29793500e-09	-1.50167781e+04	-2.99972100e-01	-1.87761200e-08	1.59762560e+07	2	1.40013800e+00	4.35649900e-08	3.21390640e+07
8.73067426e+01	2023-04-12T13:29:19.667932	1.77722900e-05	-7.69893600e-10	-2.30840859e+04	-2.99928300e-01	-1.82307300e-08	1.64517987e+07	2	1.34988600e+00	3.83623100e-08	3.51878185e+07
8.82285807e+01	2023-04-12T13:29:20.589996	7.63447300e-05	-8.19098700e-10	-9.32057761e+04	-2.99905200e-01	-1.62419600e-08	1.84648405e+07	2	1.30002600e+00	2.95000500e-08	4.40686033e+07
8.91504775e+01	2023-04-12T13:29:21.512060	1.09813700e-04	-1.46305000e-09	-7.50580636e+04	-2.99888800e-01	-1.36134800e-08	2.20288126e+07	2	1.25023600e+00	5.23203400e-08	2.38957927e+07
9.00723282e+01	2023-04-12T13:29:22.433125	1.09809900e-04	-2.12131000e-09	-5.17651357e+04	-2.99913500e-01	-1.10654400e-08	2.71036217e+07	2	1.20004600e+00	4.64848500e-08	2.58158518e+07
9.09956770e+01	2023-04-12T13:29:23.357189	1.09812800e-04	-3.85423900e-09	-2.84914350e+04	-2.99909500e-01	-9.06632300e-09	3.30795075e+07	2	1.15041800e+00	4.35307500e-09	2.64277091e+08
9.17599362e+01	2023-04-12T13:29:24.121243	3.45057800e-05	-3.16353300e-09	-1.09073558e+04	-2.99951000e-01	-6.31153300e-09	4.75242703e+07	2	1.10004600e+00	2.61127000e-08	4.21268578e+07
9.25411897e+01	2023-04-12T13:29:24.902298	3.45066800e-05	-2.33043100e-09	-1.48069949e+04	-2.99991100e-01	-6.07189100e-09	4.94065358e+07	2	1.05011000e+00	3.05935600e-08	3.43245441e+07
9.33066968e+01	2023-04-12T13:29:25.668351	9.40560200e-06	1.29703700e-09	7.25160655e+03	-2.99921900e-01	-8.98588700e-09	3.33769944e+07	2	9.99916700e-01	2.83030100e-08	3.53289880e+07
9.42290493e+01	2023-04-12T13:29:26.590415	3.45075800e-05	1.45936200e-09	2.36456616e+04	-2.99907200e-01	-8.20965000e-09	3.65310580e+07	2	9.49869600e-01	2.08174900e-08	4.56284403e+07
9.51505300e+01	2023-04-12T13:29:27.511480	1.09809900e-04	9.01626400e-10	1.21790910e+05	-2.99911800e-01	-6.51337100e-09	4.60455577e+07	2	8.99889500e-01	1.19544900e-08	7.52762769e+07
9.60723729e+01	2023-04-12T13:29:28.433544	1.26545000e-04	2.19802500e-10	5.75721386e+05	-2.99917900e-01	-4.49724300e-09	6.66892805e+07	2	8.50224200e-01	-1.43711700e-08	-5.91617941e+07
9.68380360e+01	2023-04-12T13:29:29.199598	7.63418000e-05	-2.11707600e-09	-3.60600186e+04	-2.99978500e-01	-6.08783300e-10	4.92750869e+08	2	8.00355300e-01	-9.87846700e-09	-8.10201927e+07
9.77598195e+01	2023-04-12T13:29:30.120662	5.12390400e-05	-5.65908000e-10	-9.05430565e+04	-2.99990900e-01	-2.93243600e-11	1.02300920e+10	2	7.50338800e-01	-4.15305600e-09	-1.80671486e+08
9.86818020e+01	2023-04-12T13:29:31.042727	2.61408300e-05	1.32648100e-09	1.97069012e+04	-2.99953600e-01	-6.19700800e-10	4.84029712e+08	2	6.99990500e-01	2.22324500e-08	3.14850815e+07
9.94473179e+01	2023-04-12T13:29:31.808780	2.61400500e-05	5.30743600e-09	4.92517479e+03	-2.99949300e-01	-3.29536000e-09	9.10217093e+07	2	6.49943500e-01	1.84685600e-08	3.51918883e+07
1.00369175e+02	2023-04-12T13:29:32.730845	8.47096200e-05	5.57011100e-09	1.52078872e+04	-2.99903200e-01	-3.29279300e-09	9.10786679e+07	2	5.99916400e-01	9.96319200e-09	6.02132730e+07
1.01291489e+02	2023-04-12T13:29:33.652910	1.09808000e-04	5.78933200e-09	1.89673005e+04	-2.99898800e-01	-2.10995200e-09	1.42135366e+08	2	5.49861400e-01	1.33853300e-09	4.10794056e+08
1.02213044e+02	2023-04-12T13:29:34.573974	1.09810900e-04	7.27457000e-09	1.50951740e+04	-2.99899100e-01	-2.34968300e-09	1.27633855e+08	2	4.99764100e-01	-1.11779800e-08	-4.47096971e+07
1.03135025e+02	2023-04-12T13:29:35.496038	1.01446500e-04	1.46886800e-08	6.90644088e+03	-2.99899100e-01	-9.94616600e-09	3.01522315e+07	2	4.50182500e-01	-2.11529100e-08	-2.12822964e+07
1.04056779e+02	2023-04-12T13:29:36.418103	1.34912100e-04	3.86374100e-08	3.49174802e+03	-2.99922200e-01	-3.47086500e-08	8.64113701e+06	2	4.00330900e-01	-1.90621200e-08	-2.10013839e+07
1.04978646e+02	2023-04-12T13:29:37.340167	6.79761400e-05	1.04438100e-07	6.50874920e+02	-2.99940900e-01	-1.33003300e-07	2.25513878e+06	2	3.49699700e-01	4.14270800e-10	8.44133113e+08
1.06213065e+02	2023-04-12T13:29:38.574254	9.30750000e-05	3.02788600e-07	3.07392683e+02	-2.99940900e-01	-3.04060100e-07	9.86452678e+05	2	3.00266300e-01	-1.93646100e-08	-1.55059307e+07
1.07119547e+02	2023-04-12T13:29:39.481317	8.47119800e-05	7.41349300e-07	1.14267296e+02	-2.99968100e-01	-8.13223800e-07	3.68862913e+05	2	2.49818400e-01	6.24308000e-09	4.00152489e+07
1.08291178e+02	2023-04-12T13:29:40.652399	7.63432700e-05	1.41678100e-06	5.38850182e+01	-2.99947300e-01	-1.46312500e-06	2.05004562e+05	2	1.99869300e-01	6.93660700e-09	2.88136981e+07
1.09150527e+02	2023-04-12T13:29:41.512459	7.63425300e-05	2.58899100e-06	2.94873679e+01	-2.99943000e-01	-2.67917600e-06	1.11953451e+05	2	1.49857800e-01	7.52146700e-09	1.99240122e+07
1.10010391e+02	2023-04-12T13:29:42.371519	7.63418000e-05	4.44536400e-06	1.71733518e+01	-2.99936600e-01	-4.58403600e-06	6.54306816e+04	2	9.99022300e-02	8.22374800e-09	1.21480169e+07
1.10869423e+02	2023-04-12T13:29:43.230579	6.79768000e-05	7.46813900e-06	9.10224087e+00	-2.99943000e-01	-7.89174900e-06	3.80071642e+04	2	4.98231700e-02	6.64632800e-09	7.49634535e+06
1.12009909e+02	2023-04-12T13:29:44.371659	6.79768000e-05	1.08416200e-05	6.26998548e+00	-2.99970100e-01	-1.09985000e-05	2.72737282e+04	2	-1.38785200e-04	7.67221300e-09	-1.80893309e+04
1.12884661e+02	2023-04-12T13:29:45.245720	8.47080500e-05	1.53695600e-05	5.51141672e+00	-2.99928600e-01	-1.56264000e-05	1.91937106e+04	2	-4.98430700e-02	-4.52486800e-08	1.10153644e+06
1.13745732e+02	2023-04-12T13:29:46.106780	1.09810900e-04	2.07607200e-05	5.28935894e+00	-2.99957700e-01	-2.10101600e-05	1.42767928e+04	2	-9.99893200e-02	-4.86622400e-08	2.05476197e+06
1.14603801e+02	2023-04-12T13:29:46.965841	1.01443800e-04	2.68814800e-05	3.77374311e+00	-2.99936600e-01	-2.70457600e-05	1.10899675e+04	2	-1.49709700e-01	-1.78510700e-08	8.38659531e+06
1.15463050e+02	2023-04-12T13:29:47.824901	9.30775400e-05	3.37198800e-05	2.76031647e+00	-2.99936900e-01	-3.39359400e-05	8.83832598e+03	2	-1.99621000e-01	-2.19661300e-08	9.08767270e+06
1.16322738e+02	2023-04-12T13:29:48.684204	6.79754600e-05	4.08735600e-05	1.66306678e+00	-2.99944700e-01	-4.12001100e-05	7.28019173e+03	2	-2.49675600e-01	-2.62407900e-08	9.51478976e+06
1.17181785e+02	2023-04-12T13:29:49.543264	9.30750000e-05	4.80348500e-05	1.93765568e+00	-2.99972100e-01	-4.85941300e-05	6.17301102e+03	2	-2.99640900e-01	-3.00666000e-08	9.96590569e+06
1.18041404e+02	2023-04-12T13:29:50.403325	9.30767000e-05	5.73655400e-05	1.62251937e+00	-2.99911500e-01	-5.82130500e-05	5.15196335e+03	2	-3.49650600e-01	-2.82349700e-08	1.23836009e+07
1.19181862e+02	2023-04-12T13:29:51.543404	6.79768000e-05	6.58284900e-05	1.03263496e+00	-2.99943000e-01	-6.59705400e-05	4.54662036e+03	2	-3.99637500e-01	-3.21484400e-08	1.24310075e+07
1.20041183e+02	2023-04-12T13:29:52.402464	1.43281600e-04	7.42924300e-05	1.92861641e+00	-2.99926200e-01	-7.43867400e-05	4.03198473e+03	2	-4.49696100e-01	-3.53770700e-08	1.27115134e+07
1.20900707e+02	2023-04-12T13:29:53.262524	8.47104100e-05	8.31881900e-05	1.01829851e+00	-2.99936600e-01	-8.34784200e-05	3.59298367e+03	2	-4.99751100e-01	-3.78038400e-08	1.32195856e+07
1.21759977e+02	2023-04-12T13:29:54.121584	7.63440100e-05	9.16085200e-05	8.33372376e-01	-2.99978500e-01	-9.16720400e-05	3.27230091e+03	2	-5.49814600e-01	-3.98181100e-08	1.38081541e+07
1.22619498e+02	2023-04-12T13:29:54.981645	7.63425300e-05	9.95948300e-05	7.66531054e-01	-2.99968100e-01	-9.96924100e-05	3.00893619e+03	2	-5.99859800e-01	-4.11014900e-08	1.45945999e+07
1.23478672e+02	2023-04-12T13:29:55.840705	1.01443800e-04	1.06077300e-04	9.56319590e-01	-2.99976400e-01	-1.06089200e-04	2.82758660e+03	2	-6.49959500e-01	-4.10874700e-08	1.58189224e+07
1.24338335e+02	2023-04-12T13:29:56.699765	5.96083700e-05	1.11837500e-04	5.32990902e-01	-2.99961500e-01	-1.11857500e-04	2.68163959e+03	2	-7.00135300e-01	-3.89642900e-08	1.79686400e+07
1.25197276e+02	2023-04-12T13:29:57.558825	1.01446500e-04	1.16248700e-04	8.72667823e-01	-2.99936600e-01	-1.15841800e-04	2.58919147e+03	2	-7.50268100e-01	-3.64640800e-08	2.05755390e+07
1.26057525e+02	2023-04-12T13:29:58.418885	8.47119800e-05	1.19208900e-04	7.10617915e-01	-2.99951400e-01	-1.18997300e-04	2.52065719e+03	2	-8.00265300e-01	-4.07868300e-08	1.96206790e+07
1.26912807e+02	2023-04-12T13:29:59.274945	6.79747800e-05	1.19988000e-04	5.66513151e-01	-2.99934600e-01	-1.19568400e-04	2.50847716e+03	2	-7.99681900e-01	-3.68524400e-08	2.16995645e+07
1.27103718e+02	2023-04-12T13:29:59.464958	5.96083700e-05	1.19220900e-04	4.99982553e-01	-2.99955700e-01	-1.18801500e-04	2.52484775e+03	2	-7.49853100e-01	-3.65796500e-08	2.04991874e+07
1.27978794e+02	2023-04-12T13:30:00.340020	7.63432700e-05	1.17862300e-04	6.47732736e-01	-2.99972100e-01	-1.17571700e-04	2.55139715e+03	2	-6.99916700e-01	-3.31430500e-08	2.11180534e+07
1.28837971e+02	2023-04-12T13:30:01.200079	9.30767000e-05	1.17106700e-04	7.94802518e-01	-2.99951400e-01	-1.16685200e-04	2.57060364e+03	2	-6.50017700e-01	-2.80091300e-08	2.32073506e+07
1.29697879e+02	2023-04-12T13:30:02.059140	5.96065100e-05	1.15702600e-04	5.15170013e-01	-2.99936300e-01	-1.15368900e-04	2.59980203e+03	2	-6.00231600e-01	-2.17181400e-08	2.76373391e+07
1.30556642e+02	2023-04-12T13:30:02.918199	1.01443800e-04	1.14250700e-04	8.87905282e-01	-2.99953300e-01	-1.13566000e-04	2.64122449e+03	2	-5.50158500e-01	6.08089600e-09	-9.04732625e+07
1.31431714e+02	2023-04-12T13:30:03.793260	9.30750000e-05	1.12614500e-04	8.26492148e-01	-2.99951400e-01	-1.12344600e-04	2.66992272e+03	2	-5.00160800e-01	1.07765800e-08	-4.64118301e+07
1.32291292e+02	2023-04-12T13:30:04.653321	6.79747800e-05	1.10883500e-04	6.13028810e-01	-2.99949300e-01	-1.10543200e-04	2.71341249e+03	2	-4.50116700e-01	1.45721900e-08	-3.08887477e+07
1.33150531e+02	2023-04-12T13:30:05.512381	9.30783900e-05	1.08833800e-04	8.55234220e-01	-2.99982800e-01	-1.08689500e-04	2.75999798e+03	2	-4.00016300e-01	1.67150300e-08	-2.39315335e+07
1.34010065e+02	2023-04-12T13:30:06.371441	8.47088300e-05	1.06626900e-04	7.94441459e-01	-2.99936600e-01	-1.06663900e-04	2.81197856e+03	2	-3.49872800e-01	1.72048300e-08	-2.03357313e+07
1.34869406e+02	2023-04-12T13:30:07.231501	7.63396100e-05	1.04605100e-04	7.29788605e-01	-2.99934600e-01	-1.04016700e-04	2.88352351e+03	2	-2.99810800e-01	1.58775200e-08	-1.88827222e+07
1.35728842e+02	2023-04-12T13:30:08.090561	5.96090000e-05	1.01260500e-04	5.88669817e-01	-2.99953600e-01	-1.00815200e-04	2.97528151e+03	2	-2.49637200e-01	1.26154200e-08	-1.97882591e+07
1.36588106e+02	2023-04-12T13:30:08.949621	8.47096200e-05	9.69743800e-05	8.73525770e-01	-2.99923900e-01	-9.64900300e-05	3.10834083e+03	2	-1.99616700e-01	8.94243700e-09	-2.23224050e+07
1.37447594e+02	2023-04-12T13:30:09.809682	7.63410700e-05	9.23212400e-05	8.26906896e-01	-2.99964300e-01	-9.19525600e-05	3.26216366e+03	2	-1.49552700e-01	5.74862500e-09	-2.60153863e+07
1.38306779e+02	2023-04-12T13:30:10.668741	8.47104100e-05	8.76414500e-05	9.66556464e-01	-2.99991400e-01	-8.73237500e-05	3.43539301e+03	2	-9.97976100e-02	1.23425100e-08	-8.08568192e+06
1.39182478e+02	2023-04-12T13:30:11.544803	7.63425300e-05	8.23794900e-05	9.26717682e-01	-2.99930300e-01	-8.18431400e-05	3.66469688e+03	2	-4.98768700e-02	-1.02948200e-08	4.84485110e+06
1.40041216e+02	2023-04-12T13:30:12.402862	9.30758600e-05	7.70012900e-05	1.20875715e+00	-2.99976400e-01	-7.64930300e-05	3.92161743e+03	2	2.96179700e-04	-3.29477800e-09	-8.98936742e+04
1.40745699e+02	2023-04-12T13:30:13.107912	8.47104100e-05	7.13839600e-05	1.18668690e+00	-2.99959700e-01	-7.10183500e-05	4.22369289e+03	2	5.02755400e-02	-4.74005500e-09	-1.06065309e+07
1.41604392e+02	2023-04-12T13:30:13.965973	8.47127700e-05	6.50881900e-05	1.30150754e+00	-2.99962000e-01	-6.44413800e-05	4.65480410e+03	2	1.00271600e-01	-6.32617200e-09	-1.58502804e+07
1.42463087e+02	2023-04-12T13:30:14.825032	6.79754600e-05	5.82668500e-05	1.16662322e+00	-2.99966000e-01	-5.76855300e-05	5.20002157e+03	2	1.50234200e-01	-6.95816800e-09	-2.15910567e+07
1.43322676e+02	2023-04-12T13:30:15.684092	5.96077600e-05	5.12952500e-05	1.16205224e+00	-2.99945300e-01	-5.07708900e-05	5.90782041e+03	2	2.00341800e-01	1.38100300e-09	1.45069779e+08
1.44048271e+02	2023-04-12T13:30:16.410143	6.79734300e-05	4.49018500e-05	1.51382248e+00	-2.99984800e-01	-4.40034100e-05	6.81730802e+03	2	2.50238300e-01	4.93570100e-08	5.06996473e+06
1.44728812e+02	2023-04-12T13:30:17.091191	1.18181000e-04	3.74339700e-05	3.15705227e+00	-2.99984800e-01	-3.61476300e-05	8.29887879e+03	2	3.00500500e-01	1.74916200e-08	1.71796838e+07
1.45869439e+02	2023-04-12T13:30:18.231271	8.47096200e-05	3.02487500e-05	2.80043374e+00	-2.99945000e-01	-2.99697100e-05	1.00082717e+04	2	3.50549200e-01	1.20248800e-08	2.91519915e+07
1.46728815e+02	2023-04-12T13:30:19.090331	6.79754600e-05	2.39606600e-05	2.83696109e+00	-2.99919900e-01	-2.36189900e-05	1.26982526e+04	2	4.00394900e-01	8.95739400e-09	4.46999317e+07
1.47588190e+02	2023-04-12T13:30:19.950391	5.12407300e-05	1.84465000e-05	2.77780229e+00	-2.99974400e-01	-1.82088100e-05	1.64741353e+04	2	4.50336100e-01	6.24026400e-09	7.21661936e+07
1.48447450e+02	2023-04-12T13:30:20.809450	6.79747800e-05	1.34146500e-05	5.06720488e+00	-2.99957400e-01	-1.31299200e-05	2.28453334e+04	2	5.00465100e-01	2.23339400e-08	2.24082764e+07
1.49150915e+02	2023-04-12T13:30:21.512500	5.96077600e-05	9.49321200e-06	6.27898755e+00	-2.99957700e-01	-9.25288600e-06	3.24177451e+04	2	5.50555700e-01	1.75395000e-08	3.13894752e+07
1.50009963e+02	2023-04-12T13:30:22.371560	8.47080500e-05	5.75736800e-06	1.47129817e+01	-2.99966000e-01	-5.61317200e-06	5.34396594e+04	2	6.00569300e-01	1.27621700e-08	4.70585567e+07
1.50869508e+02	2023-04-12T13:30:23.231620	7.63432700e-05	2.76787000e-06	2.75819565e+01	-2.99961700e-01	-2.43588800e-06	1.23142649e+05	2	6.50339500e-01	-2.98838700e-09	-2.17622249e+08
1.52041587e+02	2023-04-12T13:30:24.403702	7.63418000e-05	1.14764700e-06	6.65202802e+01	-2.99911500e-01	-1.12011400e-06	2.67750872e+05	2	7.00031300e-01	4.84110600e-08	1.44601523e+07
1.52900652e+02	2023-04-12T13:30:25.262762	8.47112000e-05	4.16872700e-07	2.03206399e+02	-2.99963700e-01	-4.16702700e-07	7.19850627e+05	2	7.50103000e-01	5.26513300e-08	1.42466107e+07
1.53760170e+02	2023-04-12T13:30:26.121823	6.79754600e-05	8.56865400e-08	7.93303826e+02	-2.99943000e-01	-7.80566900e-08	3.84263027e+06	2	8.00001000e-01	-3.00000400e-09	-2.66666644e+08
1.54963614e+02	2023-04-12T13:30:27.325907	6.79761400e-05	3.62020400e-09	1.87768811e+04	-2.99936600e-01	-1.96565200e-08	1.52588861e+07	2	8.50230300e-01	-6.79446200e-09	-1.25135780e+08
1.56245819e+02	2023-04-12T13:30:28.607996	1.51650000e-04	-8.38421200e-09	-1.80875674e+04	-2.99985100e-01	-8.57806300e-09	3.49711934e+07	2	9.00364000e-01	1.08702900e-09	8.28279650e+08
1.57167181e+02	2023-04-12T13:30:29.529060	1.09809000e-04	-9.25649700e-09	-1.18629110e+04	-2.99986500e-01	-7.76350400e-09	3.86406061e+07	2	9.50379800e-01	2.76906300e-09	3.43213499e+08
1.58088246e+02	2023-04-12T13:30:30.450125	9.40532100e-06	-7.24215800e-09	-1.29869039e+03	-3.00018200e-01	-1.08214200e-08	2.77244761e+07	2	1.00042500e+00	1.03364600e-08	9.67860370e+07
1.59009970e+02	2023-04-12T13:30:31.372189	1.03880300e-06	-5.35777700e-09	-1.93886942e+02	-2.99991100e-01	-1.45067700e-08	2.06793862e+07	2	1.05066800e+00	1.78462800e-08	5.88732218e+07
1.59931774e+02	2023-04-12T13:30:32.294253	5.12418500e-05	-4.15116300e-09	-1.23439744e+04	-2.99999500e-01	-1.75331400e-08	1.71104263e+07	2	1.10049500e+00	2.95444200e-08	3.72488274e+07
1.60853638e+02	2023-04-12T13:30:33.215318	6.79768000e-05	-3.08618500e-09	-2.20261585e+04	-2.99984800e-01	-1.97265900e-08	1.52071291e+07	2	1.15012900e+00	3.86258300e-08	2.97761627e+07
1.61795160e+02	2023-04-12T13:30:34.157385	2.61400500e-05	-4.87163000e-09	-5.36577080e+03	-2.99980500e-01	-1.95628800e-08	1.53341686e+07	2	1.20066600e+00	2.10472200e-08	5.70462988e+07
1.62713190e+02	2023-04-12T13:30:35.075448	5.12418500e-05	-4.15665900e-09	-1.23276531e+04	-2.99995500e-01	-2.14725300e-08	1.39711296e+07	2	1.25046100e+00	3.35800900e-08	3.72381670e+07
1.63634989e+02	2023-04-12T13:30:35.997513	4.28737000e-05	-3.07234600e-09	-1.39547108e+04	-2.99997200e-01	-2.32067900e-08	1.29271304e+07	2	1.30012300e+00	4.18602700e-08	3.10586387e+07
1.64556800e+02	2023-04-12T13:30:36.918577	-7.32878600e-06	-2.38760400e-09	3.06951488e+03	-2.99966000e-01	-2.55698200e-08	1.17312519e+07	2	1.34999400e+00	4.37162000e-08	3.08808634e+07
1.65478608e+02	2023-04-12T13:30:37.840641	6.79754600e-05	-2.73580000e-09	-2.48466481e+04	-2.99932600e-01	-2.66380600e-08	1.12595512e+07	2	1.39997700e+00	4.16880100e-08	3.35822458e+07
1.66400669e+02	2023-04-12T13:30:38.762706	9.30758600e-05	-3.92450800e-09	-2.37165678e+04	-2.99917600e-01	-2.76545900e-08	1.08451291e+07	2	1.44994300e+00	3.81658100e-08	3.79906256e+07
1.67322312e+02	2023-04-12T13:30:39.684771	9.30767000e-05	-5.70519300e-09	-1.63143824e+04	-2.99911500e-01	-2.83352000e-08	1.05844144e+07	2	1.50027700e+00	6.79323000e-08	2.20848845e+07