Time elapsed	Time stamp	source_Bioprobe Voltage	source_Bioprobe Current	source_Bioprobe Resistance	trans_drain Voltage	trans_drain Current	trans_drain Resistance	Loop1 Index	trans_gate Voltage	trans_gate Current	trans_gate Resistance
s		V	A	V/A	V	A	V/A		V	A	V/A

5.70199858e+02	2023-04-12T13:23:14.914514	1.85111700e-04	1.67231300e-08	1.10692018e+04	-1.00024500e-01	-7.04950300e-09	1.41888726e+07	1	9.99941700e-01	2.49648200e-08	4.00540320e+07
5.71121629e+02	2023-04-12T13:23:15.836573	1.34914400e-04	-3.51691000e-09	-3.83616300e+04	-9.98842600e-02	-5.23296100e-09	1.90875223e+07	1	9.49976400e-01	1.89534400e-08	5.01215822e+07
5.72059615e+02	2023-04-12T13:23:16.774632	9.30775400e-05	-1.18336400e-09	-7.86550377e+04	-9.99059800e-02	-5.65949500e-09	1.76528082e+07	1	8.99986700e-01	1.39956300e-08	6.43048366e+07
5.72981060e+02	2023-04-12T13:23:17.695691	1.51647500e-04	-1.49883200e-09	-1.01177117e+05	-9.99157000e-02	-3.82600700e-09	2.61148764e+07	1	8.50224500e-01	-9.08818300e-09	-9.35527487e+07
5.73747168e+02	2023-04-12T13:23:18.461740	9.30750000e-05	-3.43692500e-09	-2.70808935e+04	-9.99157000e-02	-5.24520500e-11	1.90489600e+09	1	8.00319400e-01	-4.84773200e-09	-1.65091511e+08
5.74689014e+02	2023-04-12T13:23:19.403799	1.18173900e-04	-2.11671300e-09	-5.58289669e+04	-9.98899300e-02	-7.93801300e-10	1.25837448e+08	1	7.50246900e-01	-1.03004300e-08	-7.28364641e+07
5.75606041e+02	2023-04-12T13:23:20.320857	1.09809000e-04	-1.21448100e-09	-9.04164001e+04	-9.99735800e-02	7.23790600e-10	-1.38125005e+08	1	7.00341700e-01	-5.43886800e-09	-1.28766078e+08
5.76527866e+02	2023-04-12T13:23:21.242916	4.28716700e-05	8.41488800e-10	5.09474042e+04	-9.99407900e-02	1.42244200e-10	-7.02600106e+08	1	6.50051400e-01	1.80844000e-08	3.59454226e+07
5.77293531e+02	2023-04-12T13:23:22.007964	4.28752200e-05	5.45987100e-09	7.85278993e+03	-9.99387700e-02	-3.09686300e-09	3.22709690e+07	1	5.99975300e-01	1.39894100e-08	4.28878201e+07
5.78215352e+02	2023-04-12T13:23:22.930023	7.63418000e-05	6.55155400e-09	1.16524721e+04	-9.98738700e-02	-3.68556100e-09	2.70986886e+07	1	5.49935700e-01	5.50317100e-09	9.99306945e+07
5.79140617e+02	2023-04-12T13:23:23.855083	1.09813700e-04	8.74754800e-09	1.25536550e+04	-9.98982900e-02	-5.99241700e-09	1.66707841e+07	1	4.99821100e-01	-1.35304200e-08	-3.69405458e+07
5.80059537e+02	2023-04-12T13:23:24.774140	9.30800700e-05	1.83140000e-08	5.08245441e+03	-9.98919600e-02	-1.46160000e-08	6.83442529e+06	1	4.50190900e-01	-1.58243900e-08	-2.84491788e+07
5.81002318e+02	2023-04-12T13:23:25.717200	5.12407300e-05	4.16986000e-08	1.22883574e+03	-9.99170500e-02	-3.73792800e-08	2.67305978e+06	1	4.00174700e-01	-1.30085900e-08	-3.07623424e+07
5.81934248e+02	2023-04-12T13:23:26.649258	5.12412900e-05	9.89867200e-08	5.17658227e+02	-9.98912800e-02	-1.05275700e-07	9.48854104e+05	1	3.50028200e-01	7.20203900e-09	4.86012642e+07
5.83012695e+02	2023-04-12T13:23:27.727328	7.63432700e-05	1.93683000e-07	3.94166086e+02	-9.99157000e-02	-1.93302700e-07	5.16887245e+05	1	3.00107300e-01	-1.39431500e-08	-2.15236371e+07
5.83934772e+02	2023-04-12T13:23:28.649386	8.47080500e-05	3.93305300e-07	2.15374799e+02	-9.98933000e-02	-3.96389100e-07	2.52008191e+05	1	2.50148000e-01	-1.63985700e-08	-1.52542569e+07
5.84840592e+02	2023-04-12T13:23:29.555443	5.12412900e-05	8.41509300e-07	6.08921256e+01	-9.98779300e-02	-9.06772300e-07	1.10146649e+05	1	1.99952900e-01	2.85866800e-09	6.99461777e+07
5.86012368e+02	2023-04-12T13:23:30.727517	5.96065100e-05	1.49579800e-06	3.98493045e+01	-9.99394500e-02	-1.52897300e-06	6.53637769e+04	1	1.49953200e-01	2.00586100e-09	7.47575231e+07
5.86871843e+02	2023-04-12T13:23:31.586573	1.01445600e-04	2.46307300e-06	4.11865990e+01	-9.99227100e-02	-2.51747400e-06	3.96916552e+04	1	9.99634600e-02	1.42767800e-09	7.00182114e+07
5.87731101e+02	2023-04-12T13:23:32.445627	9.30775400e-05	3.89465900e-06	2.38987649e+01	-9.99073300e-02	-3.96513100e-06	2.51964765e+04	1	4.99148500e-02	1.01055300e-09	4.93935993e+07
5.88590516e+02	2023-04-12T13:23:33.305681	5.12412900e-05	6.16872500e-06	8.30662576e+00	-9.99247400e-02	-6.44445500e-06	1.55055377e+04	1	-6.34985700e-05	-1.63522100e-08	3.88317970e+03
5.89575301e+02	2023-04-12T13:23:34.289744	7.63440100e-05	8.31899400e-06	9.17707237e+00	-9.99240600e-02	-8.36124300e-06	1.19508619e+04	1	-5.00679000e-02	-1.72536200e-08	2.90187798e+06
5.90434287e+02	2023-04-12T13:23:35.148798	8.47096200e-05	1.09328800e-05	7.74815236e+00	-9.99575300e-02	-1.10379000e-05	9.05584667e+03	1	-1.00073600e-01	-1.75377500e-08	5.70618238e+06
5.91293591e+02	2023-04-12T13:23:36.008852	8.47104100e-05	1.38943300e-05	6.09676105e+00	-9.99170500e-02	-1.39952600e-05	7.13934932e+03	1	-1.50081800e-01	-1.79746300e-08	8.34964614e+06
5.92153060e+02	2023-04-12T13:23:36.867908	6.79761400e-05	1.68754700e-05	4.02810351e+00	-9.99471400e-02	-1.69290200e-05	5.90389402e+03	1	-2.00117200e-01	-1.86429800e-08	1.07341852e+07
5.93012221e+02	2023-04-12T13:23:37.726961	6.79741100e-05	1.98961800e-05	3.41644024e+00	-9.99317600e-02	-2.00167900e-05	4.99239688e+03	1	-2.50120700e-01	-1.99919600e-08	1.25110644e+07
5.93871839e+02	2023-04-12T13:23:38.587016	7.63462000e-05	2.28565200e-05	3.34023727e+00	-9.99337800e-02	-2.29736200e-05	4.34993614e+03	1	-3.00188900e-01	-2.19933300e-08	1.36490882e+07
5.94731081e+02	2023-04-12T13:23:39.446071	5.96059000e-05	2.57302200e-05	2.31657172e+00	-9.99086800e-02	-2.57604600e-05	3.87837329e+03	1	-3.50207400e-01	-2.39309000e-08	1.46341090e+07
5.95590733e+02	2023-04-12T13:23:40.305126	7.63432700e-05	2.83055200e-05	2.69711597e+00	-9.99254200e-02	-2.83457200e-05	3.52523838e+03	1	-4.00186600e-01	-2.62997300e-08	1.52163767e+07
5.96449880e+02	2023-04-12T13:23:41.165180	8.47080500e-05	3.07378500e-05	2.75582222e+00	-9.99310800e-02	-3.07939100e-05	3.24515724e+03	1	-4.49902200e-01	-5.62514200e-09	7.99805943e+07
5.97340675e+02	2023-04-12T13:23:42.055236	6.79734300e-05	3.33842400e-05	2.03609338e+00	-9.99555000e-02	-3.35991100e-05	2.97494487e+03	1	-4.99896500e-01	-6.18110400e-09	8.08749537e+07
5.98199805e+02	2023-04-12T13:23:42.914291	8.47096200e-05	3.57049400e-05	2.37249019e+00	-9.99247400e-02	-3.57718900e-05	2.79338721e+03	1	-5.49836100e-01	-5.14708600e-09	1.06824735e+08
5.99059295e+02	2023-04-12T13:23:43.774345	6.79754600e-05	3.77207900e-05	1.80206883e+00	-9.99170500e-02	-3.76723400e-05	2.65226556e+03	1	-5.99977200e-01	-8.47717000e-09	7.07756480e+07
5.99938473e+02	2023-04-12T13:23:44.653402	5.96077600e-05	3.90884400e-05	1.52494599e+00	-9.99582100e-02	-3.90916100e-05	2.55702464e+03	1	-6.49980200e-01	-4.00681600e-08	1.62218629e+07
6.00611440e+02	2023-04-12T13:23:45.326444	1.09813700e-04	3.97692800e-05	2.76126950e+00	-9.99407900e-02	-3.98331000e-05	2.50898850e+03	1	-7.00270600e-01	-2.94899200e-08	2.37461004e+07
6.01466366e+02	2023-04-12T13:23:46.181498	1.01442900e-04	4.02096200e-05	2.52285150e+00	-9.99010000e-02	-4.01448100e-05	2.48851595e+03	1	-7.49754500e-01	-5.15124700e-08	1.45548156e+07
6.02356193e+02	2023-04-12T13:23:47.071555	7.63418000e-05	3.97478400e-05	1.92065280e+00	-9.99150200e-02	-3.96707500e-05	2.51860678e+03	1	-7.99742900e-01	-5.59764700e-08	1.42871264e+07
6.03205633e+02	2023-04-12T13:23:47.920762	6.79747800e-05	3.90481800e-05	1.74079253e+00	-9.99163700e-02	-3.89540400e-05	2.56498094e+03	1	-7.99716700e-01	-2.83148200e-08	2.82437501e+07
6.03371933e+02	2023-04-12T13:23:48.086773	8.47104100e-05	3.89181600e-05	2.17662937e+00	-9.99582100e-02	-3.89734400e-05	2.56477771e+03	1	-7.49714200e-01	-2.65347100e-08	2.82540944e+07
6.04231168e+02	2023-04-12T13:23:48.945827	9.30758600e-05	3.86023800e-05	2.41114304e+00	-9.99826300e-02	-3.85952000e-05	2.59054572e+03	1	-6.99684600e-01	-2.05863700e-08	3.39877599e+07
6.05091015e+02	2023-04-12T13:23:49.805883	5.96096200e-05	3.83372600e-05	1.55487429e+00	-9.99261000e-02	-3.81680300e-05	2.61805757e+03	1	-6.49649700e-01	-1.87845100e-08	3.45843304e+07
6.05949853e+02	2023-04-12T13:23:50.664937	8.47104100e-05	3.79764900e-05	2.23060135e+00	-9.99317600e-02	-3.78840200e-05	2.63783411e+03	1	-5.99717300e-01	-1.45878800e-08	4.11106549e+07
6.06809476e+02	2023-04-12T13:23:51.523991	7.63425300e-05	3.77037200e-05	2.02480100e+00	-9.99568600e-02	-3.76306300e-05	2.65626326e+03	1	-5.49776500e-01	-1.72806500e-08	3.18145729e+07
6.07683884e+02	2023-04-12T13:23:52.399047	7.63425300e-05	3.75332200e-05	2.03399895e+00	-9.99093600e-02	-3.74692400e-05	2.66643679e+03	1	-5.00015400e-01	-1.51751700e-08	3.29495749e+07
6.08543457e+02	2023-04-12T13:23:53.258101	8.47088300e-05	3.73628100e-05	2.26719644e+00	-9.99498300e-02	-3.74034700e-05	2.67220742e+03	1	-4.50075500e-01	-1.28276100e-08	3.50864658e+07
6.09402993e+02	2023-04-12T13:23:54.118155	5.96065100e-05	3.70598200e-05	1.60838639e+00	-9.99407900e-02	-3.70480500e-05	2.69759920e+03	1	-4.00069800e-01	5.49048100e-09	-7.28660749e+07
6.10277979e+02	2023-04-12T13:23:54.993211	1.18181000e-04	3.67869100e-05	3.21258295e+00	-9.99337800e-02	-3.67110900e-05	2.72216870e+03	1	-3.50062800e-01	7.11358700e-09	-4.92104476e+07
6.11139059e+02	2023-04-12T13:23:55.854267	8.47088300e-05	3.66793900e-05	2.30943944e+00	-9.99421500e-02	-3.66677100e-05	2.72561744e+03	1	-3.00055100e-01	8.59588700e-09	-3.49068223e+07
6.11996559e+02	2023-04-12T13:23:56.711320	9.30750000e-05	3.64123300e-05	2.55613964e+00	-9.99484900e-02	-3.64282300e-05	2.74370975e+03	1	-2.50068800e-01	1.00370800e-08	-2.49144970e+07
6.12856310e+02	2023-04-12T13:23:57.571375	9.30775400e-05	3.58981600e-05	2.59282203e+00	-9.99324300e-02	-3.58306400e-05	2.78902163e+03	1	-2.00082400e-01	1.14551900e-08	-1.74665283e+07
6.13715608e+02	2023-04-12T13:23:58.430429	9.30758600e-05	3.52234700e-05	2.64243869e+00	-9.99498300e-02	-3.50426800e-05	2.85223134e+03	1	-1.50053600e-01	1.26795000e-08	-1.18343468e+07
6.14575466e+02	2023-04-12T13:23:59.290485	7.63425300e-05	3.41143300e-05	2.23784345e+00	-9.99407900e-02	-3.38240200e-05	2.95472833e+03	1	-9.96393600e-02	2.02310100e-09	-4.92508085e+07
6.15606097e+02	2023-04-12T13:24:00.321549	7.63425300e-05	3.29351000e-05	2.31796867e+00	-9.99407900e-02	-3.28709500e-05	3.04039859e+03	1	-4.96249100e-02	3.81444400e-09	-1.30097362e+07
6.16465535e+02	2023-04-12T13:24:01.180604	5.12407300e-05	3.12059400e-05	1.64201847e+00	-9.99093600e-02	-3.11637300e-05	3.20594999e+03	1	3.54733200e-04	4.55362000e-09	7.79013620e+04
6.17324994e+02	2023-04-12T13:24:02.039658	7.63425300e-05	2.94864700e-05	2.58906983e+00	-9.99491700e-02	-2.94186700e-05	3.39747412e+03	1	5.03585100e-02	5.83092200e-09	8.63645749e+06
6.18184222e+02	2023-04-12T13:24:02.898714	5.96090000e-05	2.77300000e-05	2.14962135e+00	-9.99059800e-02	-2.77047800e-05	3.60609180e+03	1	1.00388000e-01	6.45589100e-09	1.55498288e+07
6.19043600e+02	2023-04-12T13:24:03.758767	8.47080500e-05	2.56980100e-05	3.29628831e+00	-9.99317600e-02	-2.57402700e-05	3.88231203e+03	1	1.50401500e-01	7.30827700e-09	2.05796113e+07
6.19903053e+02	2023-04-12T13:24:04.617822	8.47096200e-05	2.34150300e-05	3.61774552e+00	-9.99233900e-02	-2.34456800e-05	4.26191051e+03	1	2.00382200e-01	8.19599500e-09	2.44487948e+07
6.20762227e+02	2023-04-12T13:24:05.476876	4.28737000e-05	2.11997800e-05	2.02236533e+00	-9.99317600e-02	-2.11087000e-05	4.73415037e+03	1	2.50477600e-01	8.78697500e-09	2.85055551e+07
6.21622307e+02	2023-04-12T13:24:06.336931	9.30792300e-05	1.87354300e-05	4.96808613e+00	-9.99317600e-02	-1.86636000e-05	5.35436679e+03	1	3.00406200e-01	9.50823700e-09	3.15943113e+07
6.22481190e+02	2023-04-12T13:24:07.195985	8.47096200e-05	1.59999900e-05	5.29435456e+00	-9.99261000e-02	-1.58917400e-05	6.28792694e+03	1	3.50417700e-01	9.72576200e-09	3.60298453e+07
6.23340709e+02	2023-04-12T13:24:08.056041	1.09811800e-04	1.31922400e-05	8.32396924e+00	-9.99247400e-02	-1.30809000e-05	7.63898050e+03	1	4.00439600e-01	9.82584100e-09	4.07537228e+07
6.24199904e+02	2023-04-12T13:24:08.915095	9.30767000e-05	1.05523300e-05	8.82048799e+00	-9.99478100e-02	-1.04499600e-05	9.56442034e+03	1	4.50456300e-01	1.67578100e-08	2.68803800e+07
6.25059353e+02	2023-04-12T13:24:09.774149	9.30758600e-05	8.11533200e-06	1.14691377e+01	-9.99261000e-02	-8.01889900e-06	1.24613242e+04	1	5.00440100e-01	9.67103200e-09	5.17462976e+07
6.25939080e+02	2023-04-12T13:24:10.654205	3.45057800e-05	5.89233200e-06	5.85604817e+00	-9.99471400e-02	-5.81857100e-06	1.71772657e+04	1	5.50168900e-01	2.04328500e-09	2.69257054e+08
6.26793596e+02	2023-04-12T13:24:11.508259	6.79741100e-05	4.07004900e-06	1.67010545e+01	-9.99163700e-02	-3.77361000e-06	2.64776620e+04	1	5.99896000e-01	4.15675900e-09	1.44318206e+08
6.27809102e+02	2023-04-12T13:24:12.524323	5.12412900e-05	2.25033400e-06	2.27705265e+01	-9.99317600e-02	-2.22552800e-06	4.49024950e+04	1	6.50219100e-01	4.22493800e-09	1.53900270e+08
6.28653184e+02	2023-04-12T13:24:13.368378	7.63410700e-05	1.41941400e-06	5.37835121e+01	-9.99582100e-02	-1.39222500e-06	7.17974537e+04	1	7.00205800e-01	2.88978500e-09	2.42303770e+08
6.29512378e+02	2023-04-12T13:24:14.227431	9.30767000e-05	7.32051900e-07	1.27144947e+02	-9.99491700e-02	-7.23562400e-07	1.38134831e+05	1	7.50181600e-01	3.33248300e-09	2.25111906e+08
6.30372359e+02	2023-04-12T13:24:15.087486	1.01442000e-04	2.91181200e-07	3.48381008e+02	-9.99073300e-02	-2.62634000e-07	3.80405165e+05	1	8.00400700e-01	1.52059900e-08	5.26371976e+07
6.31575406e+02	2023-04-12T13:24:16.290563	6.79747800e-05	9.56552400e-08	7.10622649e+02	-9.99394500e-02	-1.13203400e-07	8.82830816e+05	1	8.49920400e-01	2.64619600e-08	3.21185732e+07
6.32481280e+02	2023-04-12T13:24:17.196621	6.79747800e-05	2.09334700e-08	3.24718167e+03	-9.99491700e-02	-3.12652300e-08	3.19681544e+06	1	8.99986100e-01	5.14415800e-08	1.74953044e+07
6.33762749e+02	2023-04-12T13:24:18.477702	1.01442000e-04	-3.46980200e-09	-2.92356740e+04	-9.98578200e-02	-1.47053500e-08	6.79057758e+06	1	9.50080700e-01	-1.97958100e-10	-4.79940300e+09
6.34684180e+02	2023-04-12T13:24:19.399760	1.34911000e-04	-1.03551200e-08	-1.30284342e+04	-9.98555300e-02	-8.49654300e-09	1.17524892e+07	1	1.00032500e+00	4.71861600e-11	2.11995424e+10