Time elapsed	Time stamp	source_Bioprobe Voltage	source_Bioprobe Current	source_Bioprobe Resistance	trans_drain Voltage	trans_drain Current	trans_drain Resistance	Loop1 Index	trans_gate Voltage	trans_gate Current	trans_gate Resistance
s		V	A	V/A	V	A	V/A		V	A	V/A

4.22556338e+02	2023-03-10T18:34:18.606345	1.03880300e-06	-2.16644600e-07	-4.79496373e+00	-2.99934600e-01	-3.64840800e-07	8.22097200e+05	3	8.00107300e-01	5.12382300e-07	1.56154360e+06
4.22885206e+02	2023-03-10T18:34:18.935367	7.63418000e-05	-1.85186100e-07	-4.12243684e+02	-3.00172900e-01	-2.92810600e-07	1.02514356e+06	3	7.50089700e-01	4.98225500e-07	1.50552250e+06
4.23468315e+02	2023-03-10T18:34:19.518408	8.47096200e-05	-1.56428500e-07	-5.41522932e+02	-2.99963700e-01	-2.86967500e-07	1.04528806e+06	3	7.00207900e-01	4.17898000e-07	1.67554738e+06
4.24199659e+02	2023-03-10T18:34:20.250459	8.47127700e-05	-1.28185900e-07	-6.60858722e+02	-3.00913300e-01	-2.68641100e-07	1.12013128e+06	3	6.50294100e-01	4.68445500e-07	1.38819585e+06
4.24933402e+02	2023-03-10T18:34:20.983510	5.96090000e-05	-9.86085400e-08	-6.04501395e+02	-2.99928300e-01	-1.92793700e-07	1.55569554e+06	3	5.99991800e-01	2.45416500e-07	2.44478998e+06
4.25668102e+02	2023-03-10T18:34:21.718561	1.09812800e-04	-5.99694700e-08	-1.83114508e+03	-3.00051500e-01	-1.37319200e-07	2.18506589e+06	3	5.49973800e-01	2.32725700e-07	2.36318464e+06
4.26401969e+02	2023-03-10T18:34:22.452612	5.96096200e-05	-3.34157800e-08	-1.78387636e+03	-2.99848900e-01	-1.60973800e-07	1.86271865e+06	3	5.00068700e-01	1.83657700e-07	2.72283003e+06
4.27167400e+02	2023-03-10T18:34:23.217665	4.28752200e-05	-1.49054600e-08	-2.87647748e+03	-2.99993200e-01	-2.04614500e-07	1.46613852e+06	3	4.50381000e-01	1.92214000e-07	2.34312277e+06
4.27902821e+02	2023-03-10T18:34:23.953717	5.12418500e-05	-6.05785800e-09	-8.45874070e+03	-2.99857300e-01	-1.16692200e-07	2.56964304e+06	3	4.00286400e-01	2.07587000e-07	1.92828260e+06
4.28635926e+02	2023-03-10T18:34:24.686768	5.96090000e-05	-1.40035200e-09	-4.25671545e+04	-3.00041300e-01	-9.97512700e-08	3.00789454e+06	3	3.50055400e-01	1.04391300e-07	3.35330051e+06
4.29370961e+02	2023-03-10T18:34:25.421819	6.79747800e-05	2.75283900e-09	2.46926101e+04	-2.99961700e-01	-1.14480200e-07	2.62020594e+06	3	3.00261900e-01	5.89962200e-08	5.08951082e+06
4.30104663e+02	2023-03-10T18:34:26.154870	6.79761400e-05	-1.83952900e-09	-3.69530135e+04	-2.99982800e-01	-4.47372400e-08	6.70543824e+06	3	2.50358800e-01	1.30192600e-07	1.92298794e+06
4.30839126e+02	2023-03-10T18:34:26.889921	1.09809900e-04	2.67990800e-08	4.09752499e+03	-2.99829900e-01	-3.74497600e-08	8.00619016e+06	3	2.00209200e-01	7.57998100e-08	2.64128894e+06
4.31760980e+02	2023-03-10T18:34:27.811985	5.96065100e-05	6.53055000e-08	9.12733384e+02	-3.00039000e-01	-6.33936200e-08	4.73295262e+06	3	1.50263400e-01	8.49508300e-09	1.76882792e+07
4.32995157e+02	2023-03-10T18:34:29.046071	5.96090000e-05	5.77203900e-07	1.03271998e+02	-2.99926500e-01	-6.57828300e-07	4.55934322e+05	3	1.00107700e-01	-2.87769800e-08	-3.47874238e+06
4.34167172e+02	2023-03-10T18:34:30.218152	1.01446500e-04	1.31832800e-06	7.69508802e+01	-2.99898800e-01	-9.27045500e-07	3.23499548e+05	3	5.01253100e-02	-4.39541900e-08	-1.14039890e+06
4.35041923e+02	2023-03-10T18:34:31.092214	4.28742100e-05	1.83503400e-06	2.33642592e+01	-3.00026600e-01	-1.41280000e-06	2.12363109e+05	3	8.70539600e-05	-4.16554500e-08	-2.08985763e+03
4.35921451e+02	2023-03-10T18:34:31.972275	1.34913200e-04	2.69951900e-06	4.99767551e+01	-2.99876100e-01	-2.18863600e-06	1.37015063e+05	3	-4.97845200e-02	-5.00867100e-08	9.93966663e+05
4.36932804e+02	2023-03-10T18:34:32.983345	7.63440100e-05	3.00081200e-06	2.54411173e+01	-2.99957700e-01	-2.71237200e-06	1.10588702e+05	3	-9.99174300e-02	-9.24092500e-08	1.08124923e+06
4.38010935e+02	2023-03-10T18:34:34.061420	5.12401700e-05	3.50324500e-06	1.46264877e+01	-2.99913800e-01	-3.41012400e-06	8.79480629e+04	3	-1.49584200e-01	-9.56632300e-08	1.56365408e+06
4.38698258e+02	2023-03-10T18:34:34.748468	4.28726800e-05	3.55082900e-06	1.20739917e+01	-3.00020000e-01	-3.26676900e-06	9.18399801e+04	3	-1.99965300e-01	-1.01840600e-07	1.96351259e+06
4.39385796e+02	2023-03-10T18:34:35.436516	1.68387200e-04	3.56524300e-06	4.72302168e+01	-3.00095300e-01	-3.83160600e-06	7.83210226e+04	3	-2.50067100e-01	-9.72658900e-08	2.57096398e+06
4.40073368e+02	2023-03-10T18:34:36.124564	7.63440100e-05	3.76377000e-06	2.02839201e+01	-3.00014200e-01	-3.48452500e-06	8.60990235e+04	3	-2.99808200e-01	-9.46219100e-08	3.16848603e+06
4.40917881e+02	2023-03-10T18:34:36.968622	5.12429800e-05	3.70971300e-06	1.38131926e+01	-2.99806800e-01	-3.83866800e-06	7.81017791e+04	3	-3.49915900e-01	-4.99161400e-07	7.01007530e+05
4.41453392e+02	2023-03-10T18:34:37.503661	8.47119800e-05	3.82771500e-06	2.21312141e+01	-3.00005900e-01	-3.42845900e-06	8.75045903e+04	3	-3.99935400e-01	-1.50375000e-07	2.65958703e+06
4.42120300e+02	2023-03-10T18:34:38.170707	8.47104100e-05	3.76337100e-06	2.25091839e+01	-2.99991100e-01	-3.75136200e-06	7.99685821e+04	3	-4.49880100e-01	-1.79508800e-07	2.50617296e+06
4.42807777e+02	2023-03-10T18:34:38.858754	-7.32828100e-06	4.39071800e-06	-1.66903932e+00	-2.99955400e-01	-3.58025200e-06	8.37805272e+04	3	-4.99844700e-01	-4.77331600e-07	1.04716449e+06
4.43495651e+02	2023-03-10T18:34:39.546803	1.26547200e-04	3.98311700e-06	3.17708970e+01	-3.00131000e-01	-3.35988600e-06	8.93277331e+04	3	-5.49843400e-01	-2.92499100e-07	1.87981228e+06
4.44323347e+02	2023-03-10T18:34:40.373859	5.12418500e-05	3.89154800e-06	1.31674722e+01	-2.99675300e-01	-2.76287900e-06	1.08464866e+05	3	-5.98730600e-01	-7.62027400e-10	7.85707443e+08
4.45591326e+02	2023-03-10T18:34:41.641948	5.96083700e-05	1.24655200e-05	4.78185988e+00	-2.99930300e-01	-1.05598600e-04	2.84028671e+03	3	-6.49846800e-01	-1.06332500e-08	6.11145981e+07
4.46870252e+02	2023-03-10T18:34:42.921037	7.63432700e-05	7.05777600e-04	1.08169018e-01	-2.99982800e-01	-7.01700100e-04	4.27508561e+02	3	-6.99993000e-01	-2.62142000e-07	2.67028176e+06
4.48089084e+02	2023-03-10T18:34:44.140122	1.09813700e-04	6.93799900e-04	1.58278633e-01	-2.99943000e-01	-6.90137400e-04	4.34613455e+02	3	-7.49878200e-01	-3.39726900e-07	2.20729710e+06
4.48917257e+02	2023-03-10T18:34:44.968180	6.79754600e-05	6.70718000e-04	1.01347302e-01	-2.99940700e-01	-6.66624500e-04	4.49939509e+02	3	-7.99943100e-01	-4.93764400e-07	1.62009067e+06
4.49571149e+02	2023-03-10T18:34:45.622225	4.28737000e-05	6.62137600e-04	6.47504386e-02	-2.99953300e-01	-6.58228500e-04	4.55697831e+02	3	-7.99948500e-01	-4.43258400e-07	1.80470015e+06
4.49921024e+02	2023-03-10T18:34:45.972249	1.01445600e-04	6.73082400e-04	1.50717951e-01	-2.99961700e-01	-6.70324500e-04	4.47487299e+02	3	-7.49975300e-01	-2.64648800e-07	2.83385113e+06
4.50589065e+02	2023-03-10T18:34:46.640296	7.63425300e-05	6.78737900e-04	1.12477187e-01	-2.99972400e-01	-6.76472200e-04	4.43436404e+02	3	-6.99933400e-01	-1.48149500e-07	4.72450734e+06
4.51279590e+02	2023-03-10T18:34:47.330344	1.01444700e-04	6.77443100e-04	1.49746451e-01	-2.99955400e-01	-6.74958600e-04	4.44405627e+02	3	-6.49846000e-01	-9.41029600e-08	6.90569138e+06
4.51964054e+02	2023-03-10T18:34:48.015392	6.79747800e-05	6.66325700e-04	1.02014345e-01	-2.99934300e-01	-6.63891400e-04	4.51782174e+02	3	-5.99943500e-01	-8.16487400e-08	7.34785987e+06
4.52651414e+02	2023-03-10T18:34:48.702439	6.79768000e-05	6.59786600e-04	1.03028464e-01	-2.99963700e-01	-6.57425200e-04	4.56270462e+02	3	-5.49966200e-01	-4.08329400e-08	1.34686897e+07
4.53527845e+02	2023-03-10T18:34:49.578501	7.63418000e-05	6.23984400e-04	1.22345687e-01	-2.99936600e-01	-6.21555300e-04	4.82558189e+02	3	-4.99925000e-01	-2.47670800e-08	2.01850602e+07
4.54417213e+02	2023-03-10T18:34:50.468562	6.79754600e-05	5.72120100e-04	1.18813270e-01	-2.99938700e-01	-5.69922500e-04	5.26279801e+02	3	-4.49930300e-01	-1.82766000e-08	2.46178337e+07
4.55291952e+02	2023-03-10T18:34:51.342623	7.63418000e-05	5.04788600e-04	1.51235190e-01	-2.99984800e-01	-5.02091800e-04	5.97470024e+02	3	-3.99960800e-01	-4.90647000e-09	8.15170173e+07
4.56167544e+02	2023-03-10T18:34:52.218684	5.96096200e-05	4.24363000e-04	1.40468467e-01	-2.99966000e-01	-4.21622600e-04	7.11456170e+02	3	-3.49932700e-01	-5.62938700e-10	6.21617771e+08
4.57057523e+02	2023-03-10T18:34:53.108746	9.30750000e-05	3.36022300e-04	2.76990545e-01	-2.99932600e-01	-3.35045800e-04	8.95198806e+02	3	-2.99923000e-01	-2.47833900e-09	1.21017746e+08
4.58198385e+02	2023-03-10T18:34:54.249826	5.12396000e-05	2.51213400e-04	2.03968419e-01	-2.99949300e-01	-2.50334100e-04	1.19819593e+03	3	-2.49930000e-01	-1.15498000e-09	2.16393357e+08
4.59073372e+02	2023-03-10T18:34:55.123886	9.30800700e-05	1.73743300e-04	5.35733292e-01	-2.99930300e-01	-1.72907800e-04	1.73462562e+03	3	-1.99959700e-01	7.86884900e-09	-2.54115564e+07
4.59963904e+02	2023-03-10T18:34:56.014948	8.47112000e-05	1.10022700e-04	7.69942930e-01	-2.99934600e-01	-1.09245300e-04	2.74551491e+03	3	-1.49935500e-01	5.70248700e-09	-2.62930016e+07
4.60838975e+02	2023-03-10T18:34:56.890009	1.01446500e-04	6.22860000e-05	1.62872074e+00	-3.00007800e-01	-6.16743400e-05	4.86438606e+03	3	-9.99886500e-02	6.22344400e-09	-1.60664497e+07
4.61714097e+02	2023-03-10T18:34:57.765070	9.30775400e-05	2.96101300e-05	3.14343571e+00	-2.99984800e-01	-2.93038500e-05	1.02370439e+04	3	-4.99842500e-02	4.41551800e-08	-1.13201328e+06
4.62854402e+02	2023-03-10T18:34:58.905149	9.30775400e-05	1.18966600e-05	7.82383795e+00	-2.99934600e-01	-1.17378200e-05	2.55528369e+04	3	2.85062700e-05	5.43780900e-08	5.24223451e+02
4.63542084e+02	2023-03-10T18:34:59.593197	9.30792300e-05	3.26950000e-06	2.84689494e+01	-2.99997200e-01	-3.25060300e-06	9.22897075e+04	3	5.00409900e-02	2.67125700e-08	1.87331245e+06
4.64698404e+02	2023-03-10T18:35:00.749278	5.12401700e-05	6.37570100e-07	8.03678999e+01	-2.99921900e-01	-6.86696300e-07	4.36760617e+05	3	1.00164200e-01	7.39666100e-08	1.35418130e+06
4.65385885e+02	2023-03-10T18:35:01.437325	4.28742100e-05	4.54198100e-08	9.43953971e+02	-2.99934600e-01	-1.32624200e-07	2.26153749e+06	3	1.50132900e-01	9.83111000e-08	1.52712054e+06
4.66401505e+02	2023-03-10T18:35:02.452396	5.96096200e-05	-1.82222900e-08	-3.27124747e+03	-2.99949000e-01	-1.47381500e-07	2.03518759e+06	3	2.00003100e-01	1.26925900e-07	1.57574695e+06
4.67307122e+02	2023-03-10T18:35:03.358459	2.61408300e-05	-3.23810800e-08	-8.07287157e+02	-2.99955400e-01	-2.17521500e-07	1.37896898e+06	3	2.50228300e-01	2.53304300e-07	9.87856503e+05
4.68042270e+02	2023-03-10T18:35:04.093511	5.96090000e-05	-3.71522000e-08	-1.60445411e+03	-2.99963700e-01	-2.04321900e-07	1.46809373e+06	3	3.00184600e-01	2.31062300e-07	1.29915006e+06
4.69167189e+02	2023-03-10T18:35:05.218589	5.96102300e-05	-4.14266800e-08	-1.43893332e+03	-2.99961700e-01	-2.15730000e-07	1.39044964e+06	3	3.50109000e-01	2.11454300e-07	1.65571946e+06
4.70058653e+02	2023-03-10T18:35:06.109651	9.30767000e-05	-6.37585200e-08	-1.45983156e+03	-2.99951400e-01	-2.48202900e-07	1.20849273e+06	3	4.00119100e-01	2.56066900e-07	1.56255689e+06
4.70792055e+02	2023-03-10T18:35:06.842702	7.63425300e-05	-7.64590500e-08	-9.98476047e+02	-2.99947000e-01	-2.86863400e-07	1.04560916e+06	3	4.50136100e-01	3.03824100e-07	1.48156812e+06
4.71510846e+02	2023-03-10T18:35:07.561752	6.79761400e-05	-1.29630900e-07	-5.24382227e+02	-2.99957400e-01	-3.20330300e-07	9.36400334e+05	3	5.00115400e-01	4.24375000e-07	1.17847517e+06
4.72245155e+02	2023-03-10T18:35:08.295803	6.79768000e-05	-2.20284300e-07	-3.08586676e+02	-2.99963700e-01	-3.38320900e-07	8.86624799e+05	3	5.50189400e-01	4.95644700e-07	1.11004798e+06
4.72965981e+02	2023-03-10T18:35:09.017485	9.30767000e-05	-2.48772800e-07	-3.74143395e+02	-2.99938700e-01	-3.59170000e-07	8.35088398e+05	3	6.00163600e-01	5.20696300e-07	1.15261737e+06
4.73687913e+02	2023-03-10T18:35:09.739535	9.30800700e-05	-2.38936500e-07	-3.89559862e+02	-2.99982800e-01	-3.82074100e-07	7.85142987e+05	3	6.50105300e-01	6.18669900e-07	1.05081126e+06
4.74264880e+02	2023-03-10T18:35:10.315576	5.96077600e-05	-2.36671700e-07	-2.51858418e+02	-2.99959700e-01	-4.12060500e-07	7.27950629e+05	3	7.00166100e-01	5.25272500e-07	1.33295785e+06
4.74979146e+02	2023-03-10T18:35:11.030625	1.01444700e-04	-2.38255600e-07	-4.25780968e+02	-2.99953300e-01	-4.35704200e-07	6.88433345e+05	3	7.50062900e-01	5.99446800e-07	1.25125849e+06
4.75698046e+02	2023-03-10T18:35:11.749675	7.63418000e-05	-2.49912100e-07	-3.05474605e+02	-2.99949000e-01	-4.60989500e-07	6.50663410e+05	3	8.00041000e-01	6.51810500e-07	1.22741349e+06