Time elapsed	Time stamp	source Voltage	source Current	source Resistance	trans_drain Voltage	trans_drain Current	trans_drain Resistance	trans_gatee Voltage	trans_gatee Current	trans_gatee Resistance
s		V	A	V/A	V	A	V/A	V	A	V/A

8.82172135e-01	2023-02-13T18:10:15.132609	7.19893000e-05	1.02733400e-06	7.00739000e+01	-2.99968000e-01	-7.60748400e-11	3.94306449e+09	-5.99918600e-01	-2.06410800e-08	2.90643028e+07
3.20018200e+00	2023-02-13T18:10:17.449646	6.54631300e-05	-4.64329900e-09	-1.40984093e+04	-2.99967700e-01	-7.31229600e-11	4.10223684e+09	-5.72008600e-01	9.04076000e-10	-6.32699685e+08
4.90293543e+00	2023-02-13T18:10:19.154868	5.97737600e-05	-2.78641500e-08	-2.14518512e+03	-2.99967200e-01	-7.60285400e-11	3.94545522e+09	-5.37573100e-01	9.49055600e-10	-5.66429512e+08
6.34054843e+00	2023-02-13T18:10:20.594870	6.17817900e-05	-3.42347900e-08	-1.80464931e+03	-2.99967800e-01	-1.02372300e-10	2.93016568e+09	-4.50314600e-01	1.35653000e-09	-3.31960664e+08
7.77793786e+00	2023-02-13T18:10:22.024870	6.24511600e-05	-3.46129000e-08	-1.80427413e+03	-2.99967400e-01	-1.07300500e-10	2.79558250e+09	-4.29215400e-01	1.10494400e-09	-3.88449912e+08
9.22094256e+00	2023-02-13T18:10:23.475378	6.08615000e-05	-3.00677300e-08	-2.02414682e+03	-2.99967400e-01	-5.03954300e-11	5.95227385e+09	-3.83715400e-01	1.09947800e-09	-3.48997797e+08
1.06529642e+01	2023-02-13T18:10:24.907458	6.24511600e-05	-2.07420900e-08	-3.01084221e+03	-2.99968200e-01	-1.06118900e-10	2.82671796e+09	-3.30813900e-01	1.19556300e-09	-2.76701353e+08
1.27157801e+01	2023-02-13T18:10:26.970575	5.74310200e-05	-2.50675000e-08	-2.29105495e+03	-2.99967500e-01	-1.00370800e-10	2.98859330e+09	-2.86208900e-01	1.79838800e-09	-1.59147470e+08
1.41593466e+01	2023-02-13T18:10:28.413656	4.73907600e-05	-9.54668400e-09	-4.96410691e+03	-2.99967900e-01	-1.32580400e-10	2.26253579e+09	-2.39092100e-01	1.97752400e-09	-1.20904778e+08
1.55985263e+01	2023-02-13T18:10:29.852739	6.08615300e-05	-2.62856200e-08	-2.31539260e+03	-2.99967600e-01	-1.06631900e-10	2.81311315e+09	-1.89998400e-01	2.35681900e-09	-8.06164580e+07
1.70285262e+01	2023-02-13T18:10:31.282819	6.22838700e-05	-3.18990300e-08	-1.95253179e+03	-2.99968200e-01	-8.75836200e-11	3.42493494e+09	-1.48565600e-01	2.17116700e-09	-6.84266111e+07
1.90964154e+01	2023-02-13T18:10:33.350936	6.37062400e-05	-3.05887100e-08	-2.08267168e+03	-2.99967600e-01	-1.08932000e-10	2.75371424e+09	-9.37118500e-02	2.01714800e-09	-4.64575976e+07
2.11623299e+01	2023-02-13T18:10:35.417053	6.27858800e-05	-3.16517700e-08	-1.98364515e+03	-2.99968100e-01	-1.01047700e-10	2.96857920e+09	-4.38373600e-02	1.70624200e-09	-2.56923461e+07
2.32234667e+01	2023-02-13T18:10:37.478170	5.84351700e-05	-4.95296600e-08	-1.17980156e+03	-2.99967900e-01	-1.13435400e-10	2.64439408e+09	-8.96273300e-04	2.69777600e-09	-3.32226730e+05
2.46536192e+01	2023-02-13T18:10:38.908251	6.16981800e-05	-3.40101400e-08	-1.81411132e+03	-2.99967500e-01	-8.10576200e-11	3.70066997e+09	3.76065900e-02	3.55657700e-09	1.05738158e+07
2.67158364e+01	2023-02-13T18:10:40.970367	6.20329400e-05	-3.89379000e-08	-1.59312495e+03	-2.99967800e-01	-1.40388900e-10	2.13669172e+09	7.01558300e-02	4.96439100e-09	1.41318099e+07
2.81539525e+01	2023-02-13T18:10:42.408449	6.08615600e-05	-4.49888300e-08	-1.35281491e+03	-2.99968100e-01	-2.62911500e-10	1.14094705e+09	9.79899700e-02	6.44918500e-09	1.51941633e+07
2.95917246e+01	2023-02-13T18:10:43.846530	5.98575700e-05	-4.24598500e-08	-1.40974521e+03	-2.99968000e-01	-2.85302500e-10	1.05140334e+09	1.43309400e-01	6.62039800e-09	2.16466442e+07
3.10323567e+01	2023-02-13T18:10:45.286613	6.67182500e-05	-4.46349700e-08	-1.49475288e+03	-2.99968800e-01	-4.52413800e-10	6.63040783e+08	3.00075900e-01	5.27576600e-08	5.68781671e+06
3.24345646e+01	2023-02-13T18:10:46.688691	6.68855900e-05	-7.17322000e-08	-9.32434667e+02	-2.99967800e-01	-6.17654200e-10	4.85656537e+08	3.50101000e-01	9.49563800e-08	3.68696658e+06
3.36061821e+01	2023-02-13T18:10:47.860757	6.53795900e-05	-1.58623400e-07	-4.12168633e+02	-2.99968100e-01	-7.37923200e-10	4.06503143e+08	4.00100100e-01	1.73206800e-07	2.30995608e+06
3.47782642e+01	2023-02-13T18:10:49.032825	6.29532300e-05	-2.86591800e-07	-2.19661658e+02	-2.99967900e-01	-9.49657200e-10	3.15869663e+08	4.50098100e-01	2.58368600e-07	1.74207740e+06
3.59371271e+01	2023-02-13T18:10:50.191889	6.19491700e-05	-3.65716400e-07	-1.69391282e+02	-2.99968700e-01	-1.18676300e-09	2.52762093e+08	5.00085900e-01	3.14687500e-07	1.58915082e+06
3.71063215e+01	2023-02-13T18:10:51.360956	6.25349700e-05	-3.80025000e-07	-1.64554885e+02	-2.99968100e-01	-1.75660900e-09	1.70765435e+08	5.50083100e-01	3.38785700e-07	1.62369043e+06
3.82625627e+01	2023-02-13T18:10:52.517021	6.22002000e-05	-3.74376000e-07	-1.66143663e+02	-2.99968000e-01	-2.38789800e-09	1.25620106e+08	6.00114200e-01	3.47514500e-07	1.72687528e+06
3.94187363e+01	2023-02-13T18:10:53.673087	6.22839100e-05	-3.66728900e-07	-1.69836383e+02	-2.99968800e-01	-3.19691000e-09	9.38308554e+07	6.50105200e-01	3.47752300e-07	1.86944903e+06
4.05750600e+01	2023-02-13T18:10:54.829152	6.28695900e-05	-3.60697200e-07	-1.74300189e+02	-2.99968300e-01	-3.98280800e-09	7.53157822e+07	7.00101600e-01	3.48146800e-07	2.01093791e+06
4.17312933e+01	2023-02-13T18:10:55.985218	6.35390000e-05	-3.59642200e-07	-1.76672815e+02	-2.99968800e-01	-4.81562200e-09	6.22907695e+07	7.50088400e-01	3.53415100e-07	2.12240054e+06
4.28876748e+01	2023-02-13T18:10:57.142283	6.22002400e-05	-3.66253900e-07	-1.69828198e+02	-2.99968900e-01	-5.68027500e-09	5.28088693e+07	8.00082000e-01	3.66608200e-07	2.18238981e+06
4.40438207e+01	2023-02-13T18:10:58.298349	6.23676300e-05	-3.80593300e-07	-1.63869490e+02	-2.99968300e-01	-6.96226000e-09	4.30849035e+07	8.50064800e-01	3.95088800e-07	2.15157909e+06
4.51999485e+01	2023-02-13T18:10:59.454414	6.19492800e-05	-4.16363100e-07	-1.48786672e+02	-2.99969500e-01	-8.88420000e-09	3.37643795e+07	9.00105600e-01	4.27308000e-07	2.10645623e+06
4.61377249e+01	2023-02-13T18:11:00.392468	6.33716600e-05	-4.63892900e-07	-1.36608385e+02	-2.99969800e-01	-1.07871200e-08	2.78081453e+07	9.50107800e-01	4.77683800e-07	1.98898895e+06
4.70750677e+01	2023-02-13T18:11:01.329520	6.61326000e-05	-5.07739900e-07	-1.30248972e+02	-2.99968400e-01	-1.29187100e-08	2.32196868e+07	1.00011600e+00	5.05072900e-07	1.98014188e+06
4.84403761e+01	2023-02-13T18:11:02.694598	6.84753600e-05	-6.03200900e-07	-1.13519990e+02	-2.99968600e-01	-1.51771500e-08	1.97644881e+07	1.05011000e+00	5.94983500e-07	1.76493970e+06
4.95593587e+01	2023-02-13T18:11:03.813661	6.78897100e-05	-7.75651700e-07	-8.75260249e+01	-2.99969500e-01	-1.69843400e-08	1.76615341e+07	1.10011400e+00	7.34165300e-07	1.49845546e+06
5.06843771e+01	2023-02-13T18:11:04.938725	6.86427200e-05	-1.03362500e-06	-6.64096940e+01	-2.99966000e-01	-1.90486800e-08	1.57473379e+07	1.15015100e+00	8.84432300e-07	1.30043984e+06
5.18135205e+01	2023-02-13T18:11:06.067789	6.73876600e-05	-1.19551200e-06	-5.63671966e+01	-2.99970900e-01	-2.21906500e-08	1.35178961e+07	1.20014900e+00	9.52643700e-07	1.25980889e+06
5.29347139e+01	2023-02-13T18:11:07.188852	6.57980000e-05	-1.25032300e-06	-5.26248018e+01	-2.99971300e-01	-2.41070800e-08	1.24432864e+07	1.25014600e+00	1.00674400e-06	1.24177149e+06
5.40670197e+01	2023-02-13T18:11:08.320917	6.60490600e-05	-1.33854500e-06	-4.93439219e+01	-2.99970200e-01	-2.34053500e-08	1.28163091e+07	1.30012900e+00	1.25185800e-06	1.03855949e+06
5.51887282e+01	2023-02-13T18:11:09.442980	6.57979700e-05	-1.61573600e-06	-4.07232184e+01	-2.99968400e-01	-2.58242800e-08	1.16157508e+07	1.35011800e+00	1.57420400e-06	8.57651232e+05
5.63094646e+01	2023-02-13T18:11:10.564043	6.52123400e-05	-2.19412500e-06	-2.97213422e+01	-2.99967000e-01	-3.10813700e-08	9.65102246e+06	1.40014400e+00	2.19223600e-06	6.38683061e+05
5.74416755e+01	2023-02-13T18:11:11.696108	6.22839400e-05	-3.19995900e-06	-1.94639806e+01	-2.99972400e-01	-3.24582800e-08	9.24178361e+06	1.45012900e+00	2.90879100e-06	4.98533239e+05
5.85593140e+01	2023-02-13T18:11:12.814171	6.23676600e-05	-4.40285700e-06	-1.41652704e+01	-2.99970300e-01	-3.01200200e-08	9.95916669e+06	1.50012000e+00	4.09132200e-06	3.66658992e+05
5.94651634e+01	2023-02-13T18:11:13.719222	6.26186400e-05	-3.95000800e-06	-1.58527881e+01	-2.99968700e-01	-2.73836100e-08	1.09543154e+07	1.50012200e+00	3.83036900e-06	3.91639030e+05
6.03250325e+01	2023-02-13T18:11:14.579270	6.44593300e-05	-2.48490500e-06	-2.59403599e+01	-2.99967100e-01	-2.69514100e-08	1.11299223e+07	1.45013000e+00	2.60462900e-06	5.56751077e+05
6.14540929e+01	2023-02-13T18:11:15.708335	6.52959700e-05	-1.80761500e-06	-3.61227197e+01	-2.99969000e-01	-2.47651700e-08	1.21125355e+07	1.40014300e+00	1.83850600e-06	7.61565641e+05
6.25819055e+01	2023-02-13T18:11:16.836399	6.65510600e-05	-1.37378000e-06	-4.84437537e+01	-2.99964300e-01	-2.16989700e-08	1.38238958e+07	1.35011800e+00	1.39551200e-06	9.67471437e+05
6.37057459e+01	2023-02-13T18:11:17.959983	6.59653100e-05	-1.09909100e-06	-6.00180604e+01	-2.99969400e-01	-1.98743300e-08	1.50933088e+07	1.30013000e+00	1.11679500e-06	1.16416173e+06
6.48251019e+01	2023-02-13T18:11:19.079046	6.63836400e-05	-9.28817400e-07	-7.14711417e+01	-2.99966400e-01	-1.68921000e-08	1.77577921e+07	1.25014600e+00	9.27892600e-07	1.34729601e+06
6.59498995e+01	2023-02-13T18:11:20.204109	6.69693400e-05	-7.97178500e-07	-8.40079606e+01	-2.99968000e-01	-1.58841600e-08	1.88847254e+07	1.20014600e+00	7.72888600e-07	1.55280593e+06
6.70749704e+01	2023-02-13T18:11:21.329173	6.72203000e-05	-6.87471100e-07	-9.77790921e+01	-2.99972200e-01	-1.55992200e-08	1.92299487e+07	1.15015000e+00	6.96343600e-07	1.65169896e+06
6.82067902e+01	2023-02-13T18:11:22.461238	6.74713700e-05	-6.38587800e-07	-1.05657155e+02	-2.99967200e-01	-1.30566000e-08	2.29743731e+07	1.10011400e+00	6.49723300e-07	1.69320386e+06
6.93249468e+01	2023-02-13T18:11:23.579301	6.73040500e-05	-6.01387000e-07	-1.11914707e+02	-2.99972400e-01	-1.18545000e-08	2.53045173e+07	1.05011000e+00	6.00470800e-07	1.74881110e+06
7.04551411e+01	2023-02-13T18:11:24.709365	6.68856400e-05	-5.63960600e-07	-1.18599845e+02	-2.99969700e-01	-1.00806700e-08	2.97569209e+07	1.00011600e+00	5.82768200e-07	1.71614717e+06
7.15750815e+01	2023-02-13T18:11:25.829428	6.65509900e-05	-5.48309400e-07	-1.21374884e+02	-2.99968500e-01	-9.40998700e-09	3.18776742e+07	9.50109400e-01	5.38237600e-07	1.76522302e+06
7.27000746e+01	2023-02-13T18:11:26.954491	6.69692900e-05	-5.04957400e-07	-1.32623643e+02	-2.99967400e-01	-1.01489100e-08	2.95566125e+07	9.00106600e-01	5.11829600e-07	1.75860599e+06
7.36262897e+01	2023-02-13T18:11:27.880544	6.68019200e-05	-4.84832700e-07	-1.37783446e+02	-2.99968800e-01	-6.96948400e-09	4.30403169e+07	8.50080100e-01	4.97828200e-07	1.70757723e+06
7.45438212e+01	2023-02-13T18:11:28.798596	6.56305700e-05	-4.72113600e-07	-1.39014360e+02	-2.99967400e-01	-6.36891500e-09	4.70986659e+07	8.00080600e-01	4.78524800e-07	1.67197311e+06
7.54704318e+01	2023-02-13T18:11:29.724649	6.81407200e-05	-4.57066400e-07	-1.49082759e+02	-2.99968700e-01	-4.86801300e-09	6.16203572e+07	7.50086600e-01	4.73024000e-07	1.58572631e+06
7.63924437e+01	2023-02-13T18:11:30.646701	6.65509300e-05	-4.40784600e-07	-1.50982884e+02	-2.99967700e-01	-4.05447200e-09	7.39844054e+07	7.00100400e-01	4.49435900e-07	1.55773137e+06
7.73135118e+01	2023-02-13T18:11:31.567753	6.76386600e-05	-4.06487700e-07	-1.66397802e+02	-2.99969000e-01	-2.88518900e-09	1.03968579e+08	6.50101700e-01	4.10876600e-07	1.58223102e+06
7.82355445e+01	2023-02-13T18:11:32.489805	6.25350000e-05	-3.71675300e-07	-1.68251697e+02	-2.99968600e-01	-2.28893700e-09	1.31051488e+08	6.00106900e-01	3.47519200e-07	1.72683092e+06
7.96219124e+01	2023-02-13T18:11:33.875883	5.81004700e-05	-2.91494400e-07	-1.99319335e+02	-2.99968500e-01	-2.08696300e-09	1.43734460e+08	5.50089000e-01	3.32807100e-07	1.65287640e+06
8.07785301e+01	2023-02-13T18:11:35.032950	6.64674100e-05	-2.75897300e-07	-2.40913594e+02	-2.99968800e-01	-1.57259800e-09	1.90747286e+08	5.00090200e-01	2.99118300e-07	1.67188099e+06
8.19347903e+01	2023-02-13T18:11:36.189014	6.38736300e-05	-2.47527000e-07	-2.58047122e+02	-2.99967900e-01	-9.88817300e-10	3.03360287e+08	4.50100300e-01	2.41729700e-07	1.86199834e+06
8.30915640e+01	2023-02-13T18:11:37.346080	6.58816800e-05	-1.76009300e-07	-3.74307949e+02	-2.99968600e-01	-1.00392600e-09	2.98795529e+08	4.00101000e-01	1.89523500e-07	2.11108913e+06
8.42470221e+01	2023-02-13T18:11:38.501145	6.62999600e-05	-1.08970200e-07	-6.08422853e+02	-2.99966900e-01	-5.91335700e-10	5.07270067e+08	3.50102700e-01	1.27534600e-07	2.74515857e+06
8.54030844e+01	2023-02-13T18:11:39.657211	6.73040600e-05	-6.71404300e-08	-1.00243713e+03	-2.99968100e-01	-4.32167300e-10	6.94101798e+08	3.00078000e-01	7.12371500e-08	4.21238076e+06
8.65616927e+01	2023-02-13T18:11:40.816277	6.37900500e-05	-4.51866800e-08	-1.41170031e+03	-2.99967700e-01	-3.16620700e-10	9.47403944e+08	2.50173100e-01	4.07714300e-08	6.13599032e+06
8.80010803e+01	2023-02-13T18:11:42.255358	7.43323100e-05	-4.60028300e-08	-1.61582037e+03	-2.99967700e-01	-1.85499100e-10	1.61708440e+09	1.46057300e-01	3.23347400e-09	4.51703957e+07
8.94344072e+01	2023-02-13T18:11:43.688440	7.60893600e-05	-3.93754700e-08	-1.93240512e+03	-2.99967300e-01	-1.06594000e-10	2.81411055e+09	1.02729800e-01	2.68058400e-09	3.83236638e+07
9.08804658e+01	2023-02-13T18:11:45.134728	6.68020600e-05	-1.48559500e-08	-4.49665353e+03	-2.99967700e-01	-7.69157900e-11	3.89994954e+09	6.55056500e-02	2.01764600e-09	3.24663742e+07
9.23154526e+01	2023-02-13T18:11:46.569603	6.83080100e-05	6.42455700e-09	1.06323300e+04	-2.99968000e-01	-3.74737500e-11	8.00474999e+09	2.85820000e-02	9.57797400e-10	2.98413840e+07
9.37466417e+01	2023-02-13T18:11:48.000683	6.82243000e-05	5.97991300e-08	1.14089118e+03	-2.99967700e-01	-2.22560700e-11	1.34780175e+10	4.99316100e-05	-3.71582300e-08	-1.34375642e+03
9.54187892e+01	2023-02-13T18:11:49.672778	7.44156900e-05	4.25862400e-07	1.74741161e+02	-2.99968100e-01	-2.74155300e-11	1.09415393e+10	-4.99422200e-02	-1.94142100e-07	2.57245698e+05
9.65749347e+01	2023-02-13T18:11:50.828844	6.92283200e-05	1.21665800e-06	5.69003944e+01	-2.99968600e-01	-1.80847600e-11	1.65868167e+10	-9.99463700e-02	-4.07564800e-07	2.45228170e+05
9.81688462e+01	2023-02-13T18:11:52.422934	7.29097000e-05	8.12056100e-07	8.97840679e+01	-2.99967900e-01	-2.28657800e-11	1.31186384e+10	-1.49942300e-01	-3.44031300e-08	4.35839123e+06
9.98248108e+01	2023-02-13T18:11:54.079028	7.20730400e-05	3.93432200e-07	1.83190496e+02	-2.99968000e-01	-2.41777200e-11	1.24067944e+10	-1.99933300e-01	-2.83581500e-08	7.05029418e+06
1.01251166e+02	2023-02-13T18:11:55.505109	6.97303000e-05	5.00509300e-08	1.39318690e+03	-2.99967300e-01	-1.35770400e-11	2.20937185e+10	-2.49936000e-01	-2.44552100e-08	1.02201535e+07
1.02673956e+02	2023-02-13T18:11:56.928189	6.96466800e-05	8.23464200e-08	8.45776659e+02	-2.99968200e-01	-2.63895200e-11	1.13669442e+10	-2.99934400e-01	-1.86335600e-08	1.60964625e+07
1.04111901e+02	2023-02-13T18:11:58.366271	6.87262600e-05	7.18795900e-08	9.56130384e+02	-2.99968100e-01	-2.31306900e-11	1.29684026e+10	-3.49924700e-01	-1.58803000e-08	2.20351442e+07
1.05532118e+02	2023-02-13T18:11:59.786352	6.97303700e-05	6.37301700e-08	1.09415007e+03	-2.99968400e-01	-2.28321400e-11	1.31379888e+10	-3.99920700e-01	-1.50808800e-08	2.65183928e+07
1.06954203e+02	2023-02-13T18:12:01.208432	6.93120300e-05	6.15140900e-08	1.12676673e+03	-2.99969400e-01	-2.89040800e-11	1.03780989e+10	-4.49948300e-01	-1.33969600e-08	3.35858508e+07
1.08376252e+02	2023-02-13T18:12:02.630513	6.91446900e-05	6.83618500e-08	1.01145142e+03	-2.99967900e-01	-3.29660600e-11	9.09929485e+09	-4.99928800e-01	-1.45427600e-08	3.43764732e+07
1.09793398e+02	2023-02-13T18:12:04.047592	6.93956900e-05	7.98453800e-08	8.69125928e+02	-2.99968000e-01	-4.00135100e-11	7.49666800e+09	-5.49925000e-01	-2.21433400e-08	2.48347810e+07
1.11221349e+02	2023-02-13T18:12:05.475673	6.95630300e-05	1.04132600e-07	6.68023558e+02	-2.99968400e-01	-3.34454200e-11	8.96889320e+09	-5.99923100e-01	-3.82052700e-08	1.57026269e+07