Time elapsed	Time stamp	source_Bioprobe Voltage	source_Bioprobe Current	source_Bioprobe Resistance	trans_drain Voltage	trans_drain Current	trans_drain Resistance	Loop1 Index	trans_gate Voltage	trans_gate Current	trans_gate Resistance
s		V	A	V/A	V	A	V/A		V	A	V/A

6.68985343e-01	2023-03-10T20:06:42.471377	9.30750000e-05	-4.89103100e-08	-1.90297301e+03	-9.99157000e-02	-1.16289200e-07	8.59200166e+05	1	1.00012900e+00	1.54695600e-07	6.46514187e+06
2.11454970e+00	2023-03-10T20:06:43.917078	6.79747800e-05	-1.27639400e-08	-5.32553271e+03	-9.99407900e-02	-6.05993600e-08	1.64920537e+06	1	9.50108200e-01	6.16183400e-08	1.54192437e+07
3.01971438e+00	2023-03-10T20:06:44.816636	6.79734300e-05	-8.39612900e-09	-8.09580582e+03	-9.99896400e-02	-3.36053700e-08	2.97540661e+06	1	9.00144200e-01	5.06986200e-08	1.77548067e+07
3.94334484e+00	2023-03-10T20:06:45.742342	9.30750000e-05	-5.51599700e-09	-1.68736495e+04	-9.99484900e-02	-1.76538000e-08	5.66158504e+06	1	8.50215400e-01	2.56848800e-08	3.31017860e+07
4.74089434e+00	2023-03-10T20:06:46.542784	5.96071300e-05	-2.09186800e-09	-2.84946899e+04	-9.99846500e-02	-1.26887700e-08	7.87977479e+06	1	8.00004500e-01	2.47586900e-08	3.23120690e+07
5.69208506e+00	2023-03-10T20:06:47.493850	4.28737000e-05	-1.85762700e-09	-2.30798217e+04	-9.99568600e-02	-8.28876000e-09	1.20593261e+07	1	7.50024400e-01	1.61784000e-08	4.63596153e+07
6.61400101e+00	2023-03-10T20:06:48.415914	4.28742100e-05	-1.43320600e-08	-2.99148971e+03	-9.99297300e-02	-6.19795800e-09	1.61230086e+07	1	7.00044300e-01	1.11717000e-08	6.26622895e+07
7.53532781e+00	2023-03-10T20:06:49.337978	1.01443800e-04	1.66525000e-08	6.09180604e+03	-9.99665700e-02	-5.84616100e-09	1.70995239e+07	1	6.50239800e-01	1.49227800e-08	4.35736371e+07
8.86405519e+00	2023-03-10T20:06:50.666071	5.96083700e-05	1.23232300e-07	4.83707356e+02	-9.99631900e-02	-1.87502300e-07	5.33130474e+05	1	6.00179800e-01	5.05733800e-09	1.18675042e+08
1.01140186e+01	2023-03-10T20:06:51.916158	9.30800700e-05	1.15255100e-06	8.07600445e+01	-9.99157000e-02	-1.36631200e-06	7.31280264e+04	1	5.50084500e-01	6.27979100e-09	8.75959885e+07
1.12858873e+01	2023-03-10T20:06:53.088240	7.63418000e-05	5.75060100e-06	1.32754472e+01	-9.99261000e-02	-5.67123900e-06	1.76198005e+04	1	5.00115400e-01	3.48516900e-09	1.43498178e+08
1.22854306e+01	2023-03-10T20:06:54.087308	8.47072500e-05	1.60520200e-05	5.27704613e+00	-9.99227100e-02	-1.59110900e-05	6.28006692e+03	1	4.50147500e-01	-2.71916200e-09	-1.65546407e+08
1.30360502e+01	2023-03-10T20:06:54.838361	7.63418000e-05	3.30648100e-05	2.30885343e+00	-9.99297300e-02	-3.29271200e-05	3.03487611e+03	1	4.00110400e-01	-4.61132500e-09	-8.67669054e+07
1.38952397e+01	2023-03-10T20:06:55.697421	5.96077600e-05	6.32786600e-05	9.41988342e-01	-9.99157000e-02	-6.27138700e-05	1.59319940e+03	1	3.50129600e-01	-5.93453900e-09	-5.89986181e+07
1.50681506e+01	2023-03-10T20:06:56.870503	9.30775400e-05	1.05845900e-04	8.79368403e-01	-9.99407900e-02	-1.05586000e-04	9.46534484e+02	1	3.00071600e-01	-9.19313000e-09	-3.26408525e+07
1.59420949e+01	2023-03-10T20:06:57.744563	5.96065100e-05	1.57826300e-04	3.77671592e-01	-9.99227100e-02	-1.57602800e-04	6.34016083e+02	1	2.50084400e-01	-1.14843200e-08	-2.17761609e+07
1.68641600e+01	2023-03-10T20:06:58.666627	8.47112000e-05	2.10368800e-04	4.02679485e-01	-9.99435000e-02	-2.12580300e-04	4.70144694e+02	1	2.00057300e-01	-1.42337000e-08	-1.40551859e+07
1.77707460e+01	2023-03-10T20:06:59.572690	7.63425300e-05	2.65559900e-04	2.87477627e-01	-9.99157000e-02	-2.64990200e-04	3.77054321e+02	1	1.50041900e-01	-1.68391900e-08	-8.91028013e+06
1.86296423e+01	2023-03-10T20:07:00.431751	5.12418500e-05	3.12303500e-04	1.64077092e-01	-9.99505100e-02	-3.11737900e-04	3.20623543e+02	1	1.00079200e-01	-1.81031200e-08	-5.52828463e+06
1.94895438e+01	2023-03-10T20:07:01.291811	9.30783900e-05	3.53120100e-04	2.63588479e-01	-9.99568600e-02	-3.52563300e-04	2.83514648e+02	1	4.99834300e-02	-1.91418500e-08	-2.61121208e+06
2.03640506e+01	2023-03-10T20:07:02.166871	7.63425300e-05	3.88021100e-04	1.96748398e-01	-9.99484900e-02	-3.87535400e-04	2.57908026e+02	1	3.68743200e-05	-1.97187800e-08	-1.87001021e+03
2.12703976e+01	2023-03-10T20:07:03.072934	9.30783900e-05	4.17289100e-04	2.23054928e-01	-9.99367400e-02	-4.16750700e-04	2.39799813e+02	1	-4.99190300e-02	-1.98191200e-08	2.51873090e+06
2.21452277e+01	2023-03-10T20:07:03.947995	1.01442000e-04	4.40496200e-04	2.30290295e-01	-9.99806000e-02	-4.41231000e-04	2.26594686e+02	1	-9.98930100e-02	-2.19058300e-08	4.56011071e+06
2.30516430e+01	2023-03-10T20:07:04.854058	8.47088300e-05	4.60615600e-04	1.83903520e-01	-9.99143500e-02	-4.61226000e-04	2.16627749e+02	1	-1.49978300e-01	-2.41548300e-08	6.20903977e+06
2.39109865e+01	2023-03-10T20:07:05.713118	5.96077600e-05	4.77026000e-04	1.24957046e-01	-9.99561800e-02	-4.77581500e-04	2.09296591e+02	1	-1.99924600e-01	-2.61886500e-08	7.63401703e+06
2.47857401e+01	2023-03-10T20:07:06.588179	9.30758600e-05	4.90466300e-04	1.89770143e-01	-9.99855900e-02	-4.90855100e-04	2.03696753e+02	1	-2.49930000e-01	-2.88078300e-08	8.67576628e+06
2.56454347e+01	2023-03-10T20:07:07.448239	6.79761400e-05	5.02310400e-04	1.35326961e-01	-9.99227100e-02	-4.99039200e-04	2.00230182e+02	1	-2.99923600e-01	-2.85918900e-08	1.04898137e+07
2.68214490e+01	2023-03-10T20:07:08.624321	7.63432700e-05	5.10575900e-04	1.49523842e-01	-9.99150200e-02	-5.08156500e-04	1.96622537e+02	1	-3.49918300e-01	-3.39962100e-08	1.02928621e+07
2.77233693e+01	2023-03-10T20:07:09.525383	5.96077600e-05	5.17442000e-04	1.15196988e-01	-9.99715500e-02	-5.15136200e-04	1.94068190e+02	1	-3.99924600e-01	-4.16341100e-08	9.60569591e+06
2.84733888e+01	2023-03-10T20:07:10.275436	9.30758600e-05	5.23165600e-04	1.77908983e-01	-9.99652200e-02	-5.20346500e-04	1.92112794e+02	1	-4.49956200e-01	-4.60711600e-08	9.76654810e+06
2.94258694e+01	2023-03-10T20:07:11.228502	8.47096200e-05	5.26933400e-04	1.60759633e-01	-9.99381000e-02	-5.24169100e-04	1.90660037e+02	1	-4.99920000e-01	-2.87679300e-08	1.73776841e+07
3.06921625e+01	2023-03-10T20:07:12.494590	8.47096200e-05	5.29864000e-04	1.59870495e-01	-9.99435000e-02	-5.27203500e-04	1.89572907e+02	1	-5.49915000e-01	-3.16657000e-08	1.73662670e+07
3.21453803e+01	2023-03-10T20:07:13.947691	8.47096200e-05	5.31360300e-04	1.59420303e-01	-9.99394500e-02	-5.29123400e-04	1.88877396e+02	1	-5.99893200e-01	-3.38514300e-08	1.77213548e+07
3.36454555e+01	2023-03-10T20:07:15.447796	6.79761400e-05	5.32997000e-04	1.27535690e-01	-9.99498300e-02	-5.30731800e-04	1.88324555e+02	1	-6.49912500e-01	-4.42642400e-08	1.46825632e+07
3.43640325e+01	2023-03-10T20:07:16.166845	5.96065100e-05	5.35118000e-04	1.11389469e-01	-9.99407900e-02	-5.32375200e-04	1.87726231e+02	1	-6.99912000e-01	-5.16312800e-08	1.35559684e+07
3.50252013e+01	2023-03-10T20:07:16.827892	8.47096200e-05	5.34560400e-04	1.58465947e-01	-9.99080100e-02	-5.31916300e-04	1.87826562e+02	1	-6.99928800e-01	-5.47741400e-08	1.27784535e+07
3.52234087e+01	2023-03-10T20:07:17.025906	8.47112000e-05	5.31746000e-04	1.59307639e-01	-9.99582100e-02	-5.28598100e-04	1.89100585e+02	1	-6.49913000e-01	-4.66871700e-08	1.39205910e+07
3.61312412e+01	2023-03-10T20:07:17.933969	8.47080500e-05	5.26152000e-04	1.60995397e-01	-9.99812800e-02	-5.23457800e-04	1.91001605e+02	1	-5.99926700e-01	-2.93999100e-08	2.04057325e+07
3.70211753e+01	2023-03-10T20:07:18.824031	8.47088300e-05	5.19078800e-04	1.63190695e-01	-9.99394500e-02	-5.16274900e-04	1.93577976e+02	1	-5.49903900e-01	-1.85808400e-08	2.95952121e+07
3.79458629e+01	2023-03-10T20:07:19.748402	8.47088300e-05	5.09230000e-04	1.66346896e-01	-9.99073300e-02	-5.06982700e-04	1.97062602e+02	1	-4.99898300e-01	-1.04059700e-08	4.80395677e+07
3.88642969e+01	2023-03-10T20:07:20.666465	6.79720700e-05	4.97291900e-04	1.36684450e-01	-9.99407900e-02	-4.94617700e-04	2.02056639e+02	1	-4.49918900e-01	-4.46797100e-09	1.00698706e+08
3.97703633e+01	2023-03-10T20:07:21.572528	6.79754600e-05	4.81522600e-04	1.41167746e-01	-9.99240600e-02	-4.78928000e-04	2.08641090e+02	1	-3.99882800e-01	1.03157000e-09	-3.87644852e+08
4.06764411e+01	2023-03-10T20:07:22.478592	5.12396000e-05	4.61919500e-04	1.10927553e-01	-9.99317600e-02	-4.59671100e-04	2.17398396e+02	1	-3.49894300e-01	4.04684200e-09	-8.64610726e+07
4.15508991e+01	2023-03-10T20:07:23.353652	7.63432700e-05	4.37903400e-04	1.74338153e-01	-9.99337800e-02	-4.35455700e-04	2.29492414e+02	1	-2.99898500e-01	6.99365200e-09	-4.28815303e+07
4.24425835e+01	2023-03-10T20:07:24.244715	1.09814700e-04	4.08800800e-04	2.68626431e-01	-9.99170500e-02	-4.06315100e-04	2.45910255e+02	1	-2.49888200e-01	9.23540200e-09	-2.70576419e+07
4.31767491e+01	2023-03-10T20:07:24.979765	1.01445600e-04	3.72391000e-04	2.72416895e-01	-9.99498300e-02	-3.72393900e-04	2.68398140e+02	1	-1.99903800e-01	7.98885300e-09	-2.50228412e+07
4.43181304e+01	2023-03-10T20:07:26.120845	9.30750000e-05	3.30123000e-04	2.81940368e-01	-9.99407900e-02	-3.29837200e-04	3.03000359e+02	1	-1.49911400e-01	9.50002000e-09	-1.57801141e+07
4.52226875e+01	2023-03-10T20:07:27.024907	1.01445600e-04	2.79585300e-04	3.62843111e-01	-9.99568600e-02	-2.79197900e-04	3.58014369e+02	1	-9.98979900e-02	9.42613900e-09	-1.05979755e+07
4.61297325e+01	2023-03-10T20:07:27.931970	6.79741100e-05	2.22548400e-04	3.05435177e-01	-9.99317600e-02	-2.22109300e-04	4.49921548e+02	1	-4.99009400e-02	9.60394900e-09	-5.19587724e+06
4.70358932e+01	2023-03-10T20:07:28.839034	6.79754600e-05	1.62970500e-04	4.17102850e-01	-9.99561800e-02	-1.62578800e-04	6.14816815e+02	1	6.19809200e-05	1.11139400e-08	5.57686293e+03
4.79264796e+01	2023-03-10T20:07:29.729095	6.79734300e-05	1.07054400e-04	6.34942889e-01	-9.99240600e-02	-1.06764900e-04	9.35926133e+02	1	5.00674100e-02	8.55173600e-09	5.85464869e+06
4.88327823e+01	2023-03-10T20:07:30.635159	8.47080500e-05	6.19579200e-05	1.36718679e+00	-9.99665700e-02	-6.16575200e-05	1.62131999e+03	1	1.00083600e-01	9.04377800e-09	1.10665697e+07
4.97234372e+01	2023-03-10T20:07:31.526221	7.63440100e-05	3.08203000e-05	2.47706901e+00	-9.99833000e-02	-3.10741700e-05	3.21756945e+03	1	1.50058600e-01	8.40509600e-09	1.78532881e+07
5.09757449e+01	2023-03-10T20:07:32.778308	5.96071300e-05	1.32957800e-05	4.48316157e+00	-9.99331100e-02	-1.32931900e-05	7.51761692e+03	1	2.00089400e-01	1.17281900e-08	1.70605524e+07
5.16291794e+01	2023-03-10T20:07:33.432353	5.12401700e-05	4.78453100e-06	1.07095492e+01	-9.99317600e-02	-4.72291200e-06	2.11589291e+04	1	2.50131300e-01	1.24783300e-08	2.00452545e+07
5.26418944e+01	2023-03-10T20:07:34.444425	5.96077600e-05	1.07408300e-06	5.54964188e+01	9.99575300e-02	-1.15249800e-06	-8.67311961e+04	1	3.00144800e-01	8.62418800e-09	3.48026736e+07
5.51134885e+01	2023-03-10T20:07:36.916596	9.30750000e-05	2.09664100e-07	4.43924353e+02	-9.99331100e-02	-2.40044900e-07	4.16310074e+05	1	3.50137000e-01	8.17628800e-09	4.28234671e+07
5.63949139e+01	2023-03-10T20:07:38.197685	6.79768000e-05	5.45486100e-09	1.24616924e+04	-9.99595600e-02	-2.21388800e-08	4.51511368e+06	1	4.00007400e-01	4.34216500e-08	9.21216490e+06
5.76920257e+01	2023-03-10T20:07:39.494776	7.63418000e-05	-2.16126600e-08	-3.53227229e+03	-9.99966500e-02	-1.35747600e-08	7.36636596e+06	1	4.50104200e-01	2.59891400e-08	1.73189340e+07
5.90199461e+01	2023-03-10T20:07:40.822868	6.79754600e-05	-1.82432000e-08	-3.72607108e+03	-9.99407900e-02	-1.59629700e-08	6.26078919e+06	1	5.00237600e-01	2.78766500e-08	1.79446813e+07
6.01761412e+01	2023-03-10T20:07:41.978950	5.12407300e-05	-1.37284900e-08	-3.73243743e+03	-9.99722300e-02	-2.20072600e-08	4.54269318e+06	1	5.50014600e-01	3.12848500e-08	1.75808610e+07
6.12697297e+01	2023-03-10T20:07:43.073024	3.45066800e-05	-1.26004100e-08	-2.73853629e+03	-9.99742500e-02	-3.86234700e-08	2.58843263e+06	1	6.00213800e-01	3.67876800e-08	1.63156198e+07
6.23023683e+01	2023-03-10T20:07:44.105097	1.01442900e-04	-1.40888600e-08	-7.20022060e+03	-9.99561800e-02	-5.23304400e-08	1.91009630e+06	1	6.50184900e-01	7.78144400e-08	8.35558156e+06
6.31372118e+01	2023-03-10T20:07:44.940156	4.28732000e-05	-1.32622700e-08	-3.23271959e+03	-9.99555000e-02	-7.77231400e-08	1.28604557e+06	1	7.00094500e-01	5.97164200e-08	1.17236516e+07
6.42229919e+01	2023-03-10T20:07:46.026231	8.47112000e-05	-1.59923100e-08	-5.29699587e+03	-9.99003200e-02	-9.01777000e-08	1.10781623e+06	1	7.50176800e-01	8.22092300e-08	9.12521380e+06
6.50565473e+01	2023-03-10T20:07:46.859288	5.96083700e-05	-1.79583300e-08	-3.31926020e+03	-9.99317600e-02	-9.43420900e-08	1.05924895e+06	1	8.00119200e-01	1.05114100e-07	7.61191125e+06
6.59012841e+01	2023-03-10T20:07:47.704347	1.03857700e-06	-2.25587800e-08	-4.60387042e+01	-9.99324300e-02	-1.01075300e-07	9.88692885e+05	1	8.50074000e-01	7.96693800e-08	1.06700215e+07
6.65824673e+01	2023-03-10T20:07:48.385395	1.26545000e-04	-3.37730900e-08	-3.74691803e+03	-9.99324300e-02	-1.12539300e-07	8.87978066e+05	1	9.00192900e-01	1.40450100e-07	6.40934325e+06
6.73321998e+01	2023-03-10T20:07:49.135447	1.77729600e-05	-4.31365700e-08	-4.12016069e+02	-9.99261000e-02	-1.13800700e-07	8.78079836e+05	1	9.50104400e-01	1.29110500e-07	7.35884688e+06
6.80680485e+01	2023-03-10T20:07:49.871498	7.63410700e-05	-4.60478200e-08	-1.65786502e+03	-9.99407900e-02	-1.17293500e-07	8.52057360e+05	1	1.00026200e+00	1.37340000e-07	7.28310762e+06