Time elapsed	Time stamp	source Voltage	source Current	source Resistance	trans_drain Voltage	trans_drain Current	trans_drain Resistance	trans_gatee Voltage	trans_gatee Current	trans_gatee Resistance
s		V	A	V/A	V	A	V/A	V	A	V/A

3.12374574e+02	2023-02-13T20:19:41.669802	6.73872900e-05	6.25233000e-07	1.07779484e+02	3.00071800e-01	5.77152500e-10	5.19917699e+08	-9.99952900e-01	-5.68369700e-07	1.75933534e+06
3.13537174e+02	2023-02-13T20:19:42.832875	7.07339600e-05	2.43692500e-07	2.90259077e+02	3.00072800e-01	2.56421400e-10	1.17023306e+09	-9.49914700e-01	-2.58675800e-07	3.67222098e+06
3.14925527e+02	2023-02-13T20:19:44.220963	6.73036400e-05	7.24293000e-08	9.29232231e+02	3.00072000e-01	2.50328600e-10	1.19871241e+09	-8.99910200e-01	-9.41459100e-08	9.55867546e+06
3.16082226e+02	2023-02-13T20:19:45.378035	6.23671800e-05	-2.93511000e-09	-2.12486687e+04	3.00072700e-01	2.06071700e-10	1.45615676e+09	-8.49916000e-01	-2.16484000e-08	3.92599915e+07
3.17785395e+02	2023-02-13T20:19:47.081143	6.62996100e-05	-9.19583300e-08	-7.20974489e+02	3.00072000e-01	2.17227400e-10	1.38137270e+09	-7.99907700e-01	2.08249600e-08	-3.84110078e+07
3.19457726e+02	2023-02-13T20:19:48.753249	6.62996500e-05	-6.88994100e-08	-9.62267311e+02	3.00072300e-01	1.90113800e-10	1.57838253e+09	-7.49924600e-01	5.33354200e-08	-1.40605361e+07
3.21129053e+02	2023-02-13T20:19:50.424354	6.47935900e-05	-1.13428200e-07	-5.71229994e+02	3.00072500e-01	1.76300800e-10	1.70204843e+09	-6.99938000e-01	7.67574400e-08	-9.11882939e+06
3.22285457e+02	2023-02-13T20:19:51.581427	6.43753000e-05	-1.31954100e-07	-4.87861309e+02	3.00072300e-01	1.51075300e-10	1.98624328e+09	-6.49906300e-01	8.69331700e-08	-7.47593007e+06
3.23504014e+02	2023-02-13T20:19:52.799504	6.44590100e-05	-1.31125800e-07	-4.91581443e+02	3.00071500e-01	1.35420400e-10	2.21585153e+09	-5.99917600e-01	8.94236800e-08	-6.70871071e+06
3.24663568e+02	2023-02-13T20:19:53.959577	6.35385700e-05	-1.50810900e-07	-4.21312849e+02	3.00072300e-01	1.38452100e-10	2.16733657e+09	-5.49921600e-01	1.15042100e-07	-4.78017700e+06
3.25816139e+02	2023-02-13T20:19:55.111650	6.19489300e-05	-2.73002100e-07	-2.26917412e+02	3.00072300e-01	2.30321400e-10	1.30284159e+09	-4.99924100e-01	9.65042600e-08	-5.18033194e+06
3.26976390e+02	2023-02-13T20:19:56.271724	7.20727800e-05	-1.06849500e-07	-6.74526133e+02	3.00071700e-01	1.32388700e-10	2.26659602e+09	-4.49937900e-01	5.29062200e-08	-8.50444239e+06
3.28129071e+02	2023-02-13T20:19:57.424796	6.62159600e-05	-1.21291300e-07	-5.45925058e+02	3.00072300e-01	1.72537400e-10	1.73917249e+09	-3.99908100e-01	4.52202300e-08	-8.84356625e+06
3.29287209e+02	2023-02-13T20:19:58.582869	6.27855200e-05	-1.33979300e-07	-4.68621048e+02	3.00072500e-01	1.19895800e-10	2.50277741e+09	-3.49915400e-01	4.35890900e-08	-8.02759131e+06
3.30444442e+02	2023-02-13T20:19:59.739942	6.58812900e-05	-7.51709700e-08	-8.76419315e+02	3.00072000e-01	1.14526100e-10	2.62011891e+09	-2.99925800e-01	4.66201900e-08	-6.43338862e+06
3.31613373e+02	2023-02-13T20:20:00.909015	6.54629600e-05	-7.86864200e-08	-8.31947368e+02	3.00073100e-01	2.85591000e-10	1.05070923e+09	-2.49931500e-01	4.54670100e-08	-5.49698562e+06
3.32769786e+02	2023-02-13T20:20:02.065089	6.57976500e-05	-7.95862000e-08	-8.26746974e+02	3.00071300e-01	1.28137400e-10	2.34179326e+09	-1.99934100e-01	4.25212900e-08	-4.70197635e+06
3.33942171e+02	2023-02-13T20:20:03.238163	6.52119400e-05	-7.89071800e-08	-8.26438608e+02	3.00072700e-01	1.98418700e-10	1.51232066e+09	-1.49928000e-01	4.00528900e-08	-3.74325049e+06
3.35363374e+02	2023-02-13T20:20:04.659252	6.41242500e-05	-2.32798800e-07	-2.75449229e+02	3.00073500e-01	5.77219700e-10	5.19860116e+08	-9.99399700e-02	3.75627600e-08	-2.66061306e+06
3.36789754e+02	2023-02-13T20:20:06.085342	6.11122200e-05	-1.61023700e-07	-3.79523139e+02	3.00072300e-01	5.84153900e-10	5.13687061e+08	-4.99398500e-02	1.75113900e-07	-2.85184957e+05
3.37947776e+02	2023-02-13T20:20:07.243416	6.35386800e-05	-2.39642700e-07	-2.65139226e+02	3.00073200e-01	3.67541200e-10	8.16434185e+08	5.73781400e-05	2.31191600e-07	2.48184363e+02
3.39113524e+02	2023-02-13T20:20:08.409489	6.43753600e-05	-2.50807300e-07	-2.56672593e+02	3.00072700e-01	2.89522800e-10	1.03643893e+09	5.00543100e-02	2.43641300e-07	2.05442632e+05
3.40269763e+02	2023-02-13T20:20:09.565562	6.36223700e-05	-2.54798700e-07	-2.49696604e+02	3.00071500e-01	7.84520100e-11	3.82490519e+09	1.00055800e-01	2.49047800e-07	4.01753398e+05
3.41425995e+02	2023-02-13T20:20:10.721635	6.36222800e-05	-2.62798700e-07	-2.42095109e+02	3.00071800e-01	6.34909000e-11	4.72621746e+09	1.50053300e-01	2.57286700e-07	5.83214367e+05
3.42598885e+02	2023-02-13T20:20:11.894710	6.29530100e-05	-2.80546600e-07	-2.24394129e+02	3.00071800e-01	2.74882600e-11	1.09163621e+10	2.00046200e-01	2.73283100e-07	7.32010871e+05
3.43769556e+02	2023-02-13T20:20:13.065783	6.28693400e-05	-3.09797700e-07	-2.02936755e+02	3.00071300e-01	-4.19591800e-12	-7.15150534e+10	2.50078500e-01	2.99055300e-07	8.36228283e+05
3.44944987e+02	2023-02-13T20:20:14.240857	6.26183400e-05	-3.50125100e-07	-1.78845618e+02	3.00071500e-01	-1.54693400e-11	-1.93978218e+10	3.00078100e-01	3.34042700e-07	8.98322580e+05
3.46098990e+02	2023-02-13T20:20:15.394929	6.13633500e-05	-3.94787300e-07	-1.55433951e+02	3.00070500e-01	-7.72604400e-11	-3.88388288e+09	3.50104500e-01	3.71865600e-07	9.41481277e+05
3.47272661e+02	2023-02-13T20:20:16.568004	6.23673700e-05	-4.35358200e-07	-1.43255301e+02	3.00072100e-01	-6.33043900e-11	-4.74014677e+09	4.00096600e-01	4.25720400e-07	9.39810730e+05
3.48207234e+02	2023-02-13T20:20:17.503063	6.06939800e-05	-4.85554600e-07	-1.24999289e+02	3.00071400e-01	-8.00314700e-11	-3.74941757e+09	4.50095300e-01	4.73409800e-07	9.50751970e+05
3.49144629e+02	2023-02-13T20:20:18.440122	6.66343200e-05	-5.15942600e-07	-1.29150646e+02	3.00072400e-01	-1.06917600e-10	-2.80657628e+09	5.00084200e-01	5.10621000e-07	9.79364734e+05
3.50301170e+02	2023-02-13T20:20:19.597196	6.56303600e-05	-5.72330900e-07	-1.14672054e+02	3.00071700e-01	-1.77925600e-10	-1.68650099e+09	5.50078200e-01	5.54108000e-07	9.92727411e+05
3.51425991e+02	2023-02-13T20:20:20.722266	6.54629400e-05	-6.06735300e-07	-1.07893739e+02	3.00072200e-01	-2.65101300e-10	-1.13191523e+09	6.00109800e-01	5.91025600e-07	1.01537023e+06
3.52555601e+02	2023-02-13T20:20:21.851338	6.59649500e-05	-6.41984300e-07	-1.02751656e+02	3.00072200e-01	-5.19190500e-10	-5.77961654e+08	6.50101100e-01	6.26170300e-07	1.03821772e+06
3.53680723e+02	2023-02-13T20:20:22.976409	6.66343500e-05	-6.67260300e-07	-9.98626023e+01	3.00071800e-01	-5.89588900e-10	-5.08950898e+08	7.00099000e-01	6.41791000e-07	1.09085201e+06
3.54805762e+02	2023-02-13T20:20:24.101480	6.59649900e-05	-6.70352400e-07	-9.84034517e+01	3.00071800e-01	-3.91256600e-10	-7.66943740e+08	7.50086000e-01	6.50086500e-07	1.15382491e+06
3.55929865e+02	2023-02-13T20:20:25.225551	6.50445800e-05	-6.73456300e-07	-9.65832230e+01	3.00073000e-01	-7.23430300e-10	-4.14791860e+08	8.00080600e-01	6.53568300e-07	1.22417290e+06
3.57050915e+02	2023-02-13T20:20:26.346622	6.58813300e-05	-6.77770400e-07	-9.72030204e+01	3.00071600e-01	-4.58488600e-10	-6.54479959e+08	8.50078700e-01	6.77608900e-07	1.25452706e+06
3.58175878e+02	2023-02-13T20:20:27.471692	6.58812900e-05	-7.00852100e-07	-9.40017016e+01	3.00071300e-01	-5.18988400e-10	-5.78184984e+08	9.00105600e-01	6.88587300e-07	1.30717717e+06
3.59301006e+02	2023-02-13T20:20:28.596763	6.57139400e-05	-7.09122700e-07	-9.26693505e+01	3.00073300e-01	-6.53877000e-10	-4.58913985e+08	9.50108300e-01	6.76641700e-07	1.40415274e+06
3.60430056e+02	2023-02-13T20:20:29.725835	6.57976500e-05	-6.78353600e-07	-9.69960947e+01	3.00071600e-01	-1.00227800e-09	-2.99389591e+08	1.00011600e+00	6.72468000e-07	1.48723211e+06
3.61534052e+02	2023-02-13T20:20:30.829904	6.67180200e-05	-6.71452700e-07	-9.93636931e+01	3.00073100e-01	-4.52849800e-10	-6.62632732e+08	1.00011500e+00	6.67906800e-07	1.49738706e+06
3.62166142e+02	2023-02-13T20:20:31.461944	6.68016500e-05	-6.45338300e-07	-1.03514157e+02	3.00071300e-01	-2.77081300e-10	-1.08297204e+09	9.50107000e-01	6.39726000e-07	1.48517803e+06
3.63286673e+02	2023-02-13T20:20:32.582557	6.53792800e-05	-6.14267500e-07	-1.06434542e+02	3.00071700e-01	-5.61247800e-10	-5.34651004e+08	9.00104500e-01	6.03088900e-07	1.49249058e+06
3.64414828e+02	2023-02-13T20:20:33.710629	6.68016100e-05	-5.89148100e-07	-1.13386787e+02	3.00071900e-01	-5.07437800e-10	-5.91347156e+08	8.50077500e-01	6.00276600e-07	1.41614299e+06
3.65535123e+02	2023-02-13T20:20:34.830699	6.65506600e-05	-5.82885900e-07	-1.14174421e+02	3.00072600e-01	-4.28911400e-10	-6.99614419e+08	8.00078600e-01	5.83996900e-07	1.37000488e+06
3.66659731e+02	2023-02-13T20:20:35.955769	6.60485800e-05	-5.54113800e-07	-1.19196779e+02	3.00072300e-01	-3.65901100e-10	-8.20091276e+08	7.50085300e-01	5.61961600e-07	1.33476255e+06
3.67790087e+02	2023-02-13T20:20:37.085842	6.59649600e-05	-5.39204400e-07	-1.22337577e+02	3.00072900e-01	-3.18074600e-10	-9.43404157e+08	7.00098000e-01	5.31629700e-07	1.31689031e+06
3.68916092e+02	2023-02-13T20:20:38.211913	6.53792800e-05	-5.04522300e-07	-1.29586502e+02	3.00072700e-01	-2.84397700e-10	-1.05511648e+09	6.50101100e-01	5.04588000e-07	1.28838002e+06
3.69832013e+02	2023-02-13T20:20:39.127970	6.52956200e-05	-4.58605600e-07	-1.42378593e+02	3.00072300e-01	-1.47351800e-10	-2.03643457e+09	6.00110200e-01	4.57637100e-07	1.31132332e+06
3.70759253e+02	2023-02-13T20:20:40.055029	6.68016100e-05	-4.20742000e-07	-1.58770957e+02	3.00071900e-01	-1.95140400e-10	-1.53772310e+09	5.50077900e-01	4.23676900e-07	1.29834291e+06
3.71675867e+02	2023-02-13T20:20:40.972087	5.65942000e-05	-3.88306700e-07	-1.45746133e+02	3.00072700e-01	-1.82374400e-10	-1.64536635e+09	5.00086200e-01	3.85347700e-07	1.29775317e+06
3.73070714e+02	2023-02-13T20:20:42.367175	6.16143100e-05	-3.42965600e-07	-1.79651574e+02	3.00072500e-01	-8.90005100e-11	-3.37158180e+09	4.50100200e-01	3.28282000e-07	1.37107791e+06
3.74225669e+02	2023-02-13T20:20:43.521248	6.32876300e-05	-2.72786300e-07	-2.32004430e+02	3.00071900e-01	-4.64007300e-11	-6.46696507e+09	4.00099800e-01	2.67501100e-07	1.49569404e+06
3.75378977e+02	2023-02-13T20:20:44.675320	6.38733000e-05	-2.12748100e-07	-3.00229708e+02	3.00072500e-01	-3.20451900e-11	-9.36404184e+09	3.50102000e-01	2.10775800e-07	1.66101611e+06
3.76535276e+02	2023-02-13T20:20:45.831394	6.64670900e-05	-1.60658400e-07	-4.13716868e+02	3.00072400e-01	-4.94019400e-12	-6.07410154e+10	3.00075800e-01	1.51186800e-07	1.98480158e+06
3.77691501e+02	2023-02-13T20:20:46.987466	6.56303100e-05	-1.07434100e-07	-6.10889001e+02	3.00071500e-01	2.41831700e-11	1.24082782e+10	2.50076300e-01	9.79418800e-08	2.55331325e+06
3.78853631e+02	2023-02-13T20:20:48.149540	6.55466200e-05	-5.94187400e-08	-1.10313043e+03	3.00071200e-01	6.65142400e-11	4.51138283e+09	2.00047800e-01	3.53999100e-08	5.65108216e+06
3.80289701e+02	2023-02-13T20:20:49.585630	6.54629900e-05	-1.27556600e-08	-5.13207392e+03	3.00071200e-01	1.22296900e-10	2.45362883e+09	1.50052800e-01	1.60192100e-08	9.36705368e+06
3.81987950e+02	2023-02-13T20:20:51.283737	6.88933600e-05	6.18019200e-09	1.11474466e+04	3.00071200e-01	1.72310400e-10	1.74145728e+09	1.00054400e-01	7.76652600e-09	1.28827741e+07
3.83432145e+02	2023-02-13T20:20:52.728077	6.96463600e-05	6.84512400e-09	1.01745944e+04	3.00072800e-01	2.30132500e-10	1.30391318e+09	5.00535200e-02	2.44210300e-09	2.04960724e+07
3.84644554e+02	2023-02-13T20:20:53.940906	6.90606800e-05	1.53499600e-08	4.49907882e+03	3.00071900e-01	2.17673100e-10	1.37854379e+09	5.40320200e-05	-8.30938000e-10	-6.50253328e+04
3.86488251e+02	2023-02-13T20:20:55.784021	7.29093700e-05	5.18397300e-08	1.40643807e+03	3.00071700e-01	2.23417100e-10	1.34310086e+09	-4.99420100e-02	-8.94081400e-09	5.58584599e+06
3.88425941e+02	2023-02-13T20:20:57.722144	6.60485800e-05	1.11147600e-07	5.94242071e+02	3.00071800e-01	2.25035900e-10	1.33343969e+09	-9.99423400e-02	-2.40574600e-07	4.15431804e+05
3.89836319e+02	2023-02-13T20:20:59.132233	6.73872500e-05	1.35652100e-06	4.96765255e+01	3.00072900e-01	1.66246800e-10	1.80498452e+09	-1.49940400e-01	-1.10744500e-06	1.35393089e+05
3.91191716e+02	2023-02-13T20:21:00.488318	7.55030900e-05	2.50139400e-06	3.01844052e+01	3.00071500e-01	2.00554800e-10	1.49620702e+09	-1.99937000e-01	-1.44023200e-06	1.38822773e+05
3.92316351e+02	2023-02-13T20:21:01.612389	6.84749100e-05	2.13705400e-06	3.20417313e+01	3.00072100e-01	1.50827300e-10	1.98950787e+09	-2.49932700e-01	-1.17602100e-06	2.12524011e+05
3.93441477e+02	2023-02-13T20:21:02.737460	7.01483200e-05	1.43498300e-06	4.88844258e+01	3.00071800e-01	1.38876900e-10	2.16070347e+09	-2.99927200e-01	-7.63894300e-07	3.92629190e+05
3.94566527e+02	2023-02-13T20:21:03.862531	6.92280500e-05	6.54824000e-07	1.05720087e+02	3.00072400e-01	1.35138800e-10	2.22047554e+09	-3.49918800e-01	-1.70054600e-07	2.05768500e+06
3.95711540e+02	2023-02-13T20:21:05.007604	6.79729600e-05	1.85625200e-07	3.66183902e+02	3.00071900e-01	1.29163500e-10	2.32319425e+09	-3.99913200e-01	-1.57070700e-07	2.54607129e+06
3.97098703e+02	2023-02-13T20:21:06.394691	7.39134400e-05	2.15354700e-07	3.43217213e+02	3.00072100e-01	1.43174300e-10	2.09585170e+09	-4.49943900e-01	-1.28851900e-07	3.49194618e+06
3.98269474e+02	2023-02-13T20:21:07.565765	7.09849500e-05	2.00790400e-07	3.53527609e+02	3.00072300e-01	1.11986400e-10	2.67954234e+09	-4.99929400e-01	-1.67896300e-07	2.97760820e+06
3.99425814e+02	2023-02-13T20:21:08.721837	7.67581600e-05	2.09653000e-07	3.66120017e+02	3.00072200e-01	1.20522400e-10	2.48976290e+09	-5.49924300e-01	-7.57741400e-08	7.25741394e+06
4.00581945e+02	2023-02-13T20:21:09.877911	6.85586600e-05	1.32312300e-07	5.18157873e+02	3.00071800e-01	1.04337500e-10	2.87597268e+09	-5.99917800e-01	-9.80035900e-08	6.12138596e+06
4.01738336e+02	2023-02-13T20:21:11.034984	7.24073700e-05	1.95754500e-07	3.69888662e+02	3.00072000e-01	1.65725400e-10	1.81065787e+09	-6.49892900e-01	-8.54945900e-08	7.60156754e+06
4.02894600e+02	2023-02-13T20:21:12.191062	6.27018200e-05	1.66066900e-07	3.77569642e+02	3.00072700e-01	1.48951900e-10	2.01456108e+09	-6.99939700e-01	-6.53222100e-08	1.07151871e+07
4.04050740e+02	2023-02-13T20:21:13.347143	7.13197300e-05	2.10869000e-07	3.38218183e+02	3.00072500e-01	1.50335300e-10	1.99602156e+09	-7.49922700e-01	-9.55379900e-08	7.84947119e+06
4.05207020e+02	2023-02-13T20:21:14.503223	6.71362600e-05	1.89117100e-07	3.54998358e+02	3.00072500e-01	1.17705100e-10	2.54935852e+09	-7.99919700e-01	-1.36382000e-07	5.86528794e+06
4.06363526e+02	2023-02-13T20:21:15.659303	7.19053900e-05	2.92183300e-07	2.46096851e+02	3.00072400e-01	1.21569400e-10	2.46832180e+09	-8.49918000e-01	-2.03475000e-07	4.17701438e+06
4.07522384e+02	2023-02-13T20:21:16.818385	7.13196500e-05	4.70418100e-07	1.51609069e+02	3.00072300e-01	1.07100300e-10	2.80178767e+09	-8.99912800e-01	-2.49950500e-07	3.60036407e+06
4.08879053e+02	2023-02-13T20:21:18.175479	6.71363500e-05	5.17095000e-07	1.29833686e+02	3.00072000e-01	9.10920600e-11	3.29416197e+09	-9.49911400e-01	-4.57339200e-07	2.07703910e+06
4.10238293e+02	2023-02-13T20:21:19.534573	6.65506200e-05	8.84256100e-07	7.52617030e+01	3.00072400e-01	1.22927500e-10	2.44105184e+09	-9.99952500e-01	-6.95469300e-07	1.43780969e+06