Time elapsed	Time stamp	trans_drain Voltage	trans_drain Current	trans_drain Resistance	Loop1 Index	trans_gate Voltage	trans_gate Current	trans_gate Resistance
s		V	A	V/A		V	A	V/A

8.95724241e+01	2023-06-02T12:42:36.361800	-1.00000000e-02	-2.87080000e-09	3.48334959e+06	1	1.00000000e+00	4.14690000e-09	2.41143987e+08
8.99038428e+01	2023-06-02T12:42:36.692697	-1.00000000e-02	9.42200000e-10	-1.06134579e+07	1	9.50000000e-01	9.03700000e-10	1.05123382e+09
9.07084887e+01	2023-06-02T12:42:37.497865	-1.00000000e-02	-1.51900000e-09	6.58327847e+06	1	9.00000000e-01	3.74050000e-10	2.40609544e+09
9.12896685e+01	2023-06-02T12:42:38.078981	-1.00000000e-02	2.71340000e-09	-3.68541313e+06	1	8.50000000e-01	-3.86470000e-08	-2.19939452e+07
9.15759580e+01	2023-06-02T12:42:38.365476	-1.00000000e-02	9.33600000e-10	-1.07112254e+07	1	8.00000000e-01	-3.31000000e-09	-2.41691843e+08
9.18974140e+01	2023-06-02T12:42:38.686151	-1.00000000e-02	7.87500000e-10	-1.26984127e+07	1	7.50000000e-01	-2.74410000e-09	-2.73313655e+08
9.26403360e+01	2023-06-02T12:42:39.429514	-1.00000000e-02	4.82240000e-10	-2.07365627e+07	1	7.00000000e-01	-1.49420000e-09	-4.68478115e+08
9.42102620e+01	2023-06-02T12:42:40.999596	-1.00000000e-02	1.57520000e-09	-6.34840020e+06	1	6.50000000e-01	-2.53610000e-09	-2.56299042e+08
9.48485249e+01	2023-06-02T12:42:41.637838	-1.00000000e-02	3.37200000e-09	-2.96559905e+06	1	6.00000000e-01	-3.34450000e-09	-1.79399013e+08
9.51453905e+01	2023-06-02T12:42:41.934369	-1.00000000e-02	2.60680000e-09	-3.83612091e+06	1	5.50000000e-01	-3.32560000e-09	-1.65383690e+08
9.54871612e+01	2023-06-02T12:42:42.276164	-1.00000000e-02	3.88990000e-09	-2.57076017e+06	1	5.00000000e-01	-3.56850000e-09	-1.40114894e+08
9.58324232e+01	2023-06-02T12:42:42.621886	-1.00000000e-02	2.31820000e-09	-4.31369166e+06	1	4.50000000e-01	-4.70250000e-09	-9.56937799e+07
9.61816359e+01	2023-06-02T12:42:42.970409	-1.00000000e-02	2.77420000e-09	-3.60464278e+06	1	4.00000000e-01	-2.16980000e-09	-1.84348788e+08
9.70312821e+01	2023-06-02T12:42:43.820138	-1.00000000e-02	2.33100000e-09	-4.29000429e+06	1	3.50000000e-01	-5.64500000e-09	-6.20017715e+07
9.73705929e+01	2023-06-02T12:42:44.160022	-1.00000000e-02	2.23030000e-09	-4.48370174e+06	1	3.00000000e-01	-5.29150000e-09	-5.66946990e+07
9.76942585e+01	2023-06-02T12:42:44.482948	-1.00000000e-02	3.89990000e-09	-2.56416831e+06	1	2.50000000e-01	-1.13890000e-08	-2.19510054e+07
9.80377293e+01	2023-06-02T12:42:44.827259	-1.00000000e-02	4.85440000e-09	-2.05998682e+06	1	2.00000000e-01	-1.38360000e-08	-1.44550448e+07
9.83712915e+01	2023-06-02T12:42:45.160884	-1.00000000e-02	3.47630000e-09	-2.87662170e+06	1	1.50000000e-01	-7.09970000e-09	-2.11276533e+07
9.87036521e+01	2023-06-02T12:42:45.493217	-1.00000000e-02	3.60700000e-09	-2.77238703e+06	1	1.00000000e-01	-7.61250000e-09	-1.31362890e+07
9.90438355e+01	2023-06-02T12:42:45.832966	-1.00000000e-02	5.06300000e-09	-1.97511357e+06	1	5.00000000e-02	-9.17180000e-09	-5.45149262e+06
9.93695164e+01	2023-06-02T12:42:46.159079	-1.00000000e-02	5.39520000e-09	-1.85349941e+06	1	0.00000000e+00	-2.02060000e-08	-0.00000000e+00
9.97122347e+01	2023-06-02T12:42:46.501802	-1.00000000e-02	6.13680000e-09	-1.62951375e+06	1	-5.00000000e-02	-2.03850000e-08	2.45278391e+06
1.00079514e+02	2023-06-02T12:42:46.869081	-1.00000000e-02	5.43380000e-09	-1.84033273e+06	1	-1.00000000e-01	-1.73310000e-08	5.77000750e+06
1.00373290e+02	2023-06-02T12:42:47.162315	-1.00000000e-02	-1.00000000e-06	1.00000000e+04	1	-1.50000000e-01	-2.81550000e-09	5.32765051e+07
1.01134652e+02	2023-06-02T12:42:47.924213	-1.00000000e-02	-1.65790000e-08	6.03172688e+05	1	-2.00000000e-01	-9.47300000e-09	2.11126359e+07
1.01428657e+02	2023-06-02T12:42:48.217981	-1.00000000e-02	-3.70330000e-08	2.70029433e+05	1	-2.50000000e-01	-4.77800000e-09	5.23231478e+07
1.01727539e+02	2023-06-02T12:42:48.516787	-1.00000000e-02	-6.96230000e-08	1.43630697e+05	1	-3.00000000e-01	-6.42470000e-09	4.66947873e+07
1.02020361e+02	2023-06-02T12:42:48.809822	-1.00000000e-02	-1.26500000e-07	7.90513834e+04	1	-3.50000000e-01	-1.13890000e-08	3.07314075e+07
1.02318446e+02	2023-06-02T12:42:49.107560	-1.00000000e-02	-1.98710000e-07	5.03245936e+04	1	-4.00000000e-01	-8.65350000e-09	4.62240712e+07
1.02618534e+02	2023-06-02T12:42:49.407846	-1.00000000e-02	-2.87180000e-07	3.48213664e+04	1	-4.50000000e-01	-8.97840000e-09	5.01202887e+07
1.02924630e+02	2023-06-02T12:42:49.713855	-1.00000000e-02	-4.16760000e-07	2.39946252e+04	1	-5.00000000e-01	-1.73680000e-08	2.87885767e+07
1.03213773e+02	2023-06-02T12:42:50.003211	-1.00000000e-02	-5.97050000e-07	1.67490160e+04	1	-5.50000000e-01	-1.62390000e-08	3.38690806e+07
1.03520342e+02	2023-06-02T12:42:50.309394	-1.00000000e-02	-8.48920000e-07	1.17796730e+04	1	-6.00000000e-01	-1.25850000e-08	4.76758045e+07
1.03855308e+02	2023-06-02T12:42:50.644658	-1.00000000e-02	-1.20860000e-06	8.27403607e+03	1	-6.50000000e-01	-1.99560000e-08	3.25716576e+07
1.04163433e+02	2023-06-02T12:42:50.952911	-1.00000000e-02	-1.67450000e-06	5.97193192e+03	1	-7.00000000e-01	-1.82630000e-08	3.83288616e+07
1.04460620e+02	2023-06-02T12:42:51.250044	-1.00000000e-02	-2.27580000e-06	4.39405923e+03	1	-7.50000000e-01	-1.22960000e-08	6.09954457e+07
1.04746621e+02	2023-06-02T12:42:51.536208	-1.00000000e-02	-2.99920000e-06	3.33422246e+03	1	-8.00000000e-01	-9.47900000e-09	8.43970883e+07
1.05052582e+02	2023-06-02T12:42:51.842167	-1.00000000e-02	-3.89030000e-06	2.57049585e+03	1	-8.50000000e-01	-1.13200000e-08	7.50883392e+07
1.05349896e+02	2023-06-02T12:42:52.138887	-1.00000000e-02	-4.86070000e-06	2.05731685e+03	1	-9.00000000e-01	-1.64420000e-08	5.47378664e+07
1.05661418e+02	2023-06-02T12:42:52.450206	-1.00000000e-02	-5.94800000e-06	1.68123739e+03	1	-9.50000000e-01	-1.41050000e-08	6.73520028e+07
1.05948649e+02	2023-06-02T12:42:52.737771	-1.00000000e-02	-7.03460000e-06	1.42154494e+03	1	-1.00000000e+00	-1.24490000e-08	8.03277372e+07
1.06209975e+02	2023-06-02T12:42:52.999494	-1.00000000e-02	-7.22150000e-06	1.38475386e+03	1	-1.00000000e+00	-7.23940000e-09	1.38132994e+08
1.06491834e+02	2023-06-02T12:42:53.280565	-1.00000000e-02	-6.47000000e-06	1.54559505e+03	1	-9.50000000e-01	-1.09180000e-09	8.70122733e+08
1.06794251e+02	2023-06-02T12:42:53.583932	-1.00000000e-02	-5.62860000e-06	1.77664073e+03	1	-9.00000000e-01	-2.87140000e-09	3.13435955e+08
1.07746748e+02	2023-06-02T12:42:54.535930	-1.00000000e-02	-4.65880000e-06	2.14647549e+03	1	-8.50000000e-01	-2.41890000e-10	3.51399396e+09
1.08329610e+02	2023-06-02T12:42:55.118858	-1.00000000e-02	-3.84640000e-06	2.59983361e+03	1	-8.00000000e-01	-5.93730000e-10	1.34741381e+09
1.09564280e+02	2023-06-02T12:42:56.353861	-1.00000000e-02	-2.94630000e-06	3.39408750e+03	1	-7.50000000e-01	2.17400000e-09	-3.44986201e+08
1.09856381e+02	2023-06-02T12:42:56.645143	-1.00000000e-02	-2.41080000e-06	4.14800066e+03	1	-7.00000000e-01	1.28600000e-08	-5.44323484e+07
1.10161138e+02	2023-06-02T12:42:56.949983	-1.00000000e-02	-1.90950000e-06	5.23697303e+03	1	-6.50000000e-01	4.37920000e-09	-1.48428937e+08
1.10449500e+02	2023-06-02T12:42:57.238347	-1.00000000e-02	-1.47510000e-06	6.77920141e+03	1	-6.00000000e-01	4.41830000e-09	-1.35798837e+08
1.10742611e+02	2023-06-02T12:42:57.532165	-1.00000000e-02	-1.11240000e-06	8.98957210e+03	1	-5.50000000e-01	5.09150000e-09	-1.08023176e+08
1.11039487e+02	2023-06-02T12:42:57.829017	-1.00000000e-02	-8.10140000e-07	1.23435456e+04	1	-5.00000000e-01	1.37680000e-08	-3.63160953e+07
1.11334407e+02	2023-06-02T12:42:58.123230	-1.00000000e-02	-5.74260000e-07	1.74137150e+04	1	-4.50000000e-01	1.58240000e-08	-2.84378160e+07
1.11629659e+02	2023-06-02T12:42:58.419149	-1.00000000e-02	-3.86780000e-07	2.58544909e+04	1	-4.00000000e-01	6.33870000e-09	-6.31044220e+07
1.11926810e+02	2023-06-02T12:42:58.715923	-1.00000000e-02	-2.36790000e-07	4.22315132e+04	1	-3.50000000e-01	7.49120000e-09	-4.67214865e+07
1.12229941e+02	2023-06-02T12:42:59.019308	-1.00000000e-02	-1.20750000e-07	8.28157350e+04	1	-3.00000000e-01	1.02930000e-08	-2.91460216e+07
1.12522416e+02	2023-06-02T12:42:59.311494	-1.00000000e-02	-5.80790000e-08	1.72179273e+05	1	-2.50000000e-01	1.03050000e-08	-2.42600679e+07
1.12812207e+02	2023-06-02T12:42:59.601099	-1.00000000e-02	-2.24930000e-08	4.44582759e+05	1	-2.00000000e-01	1.79190000e-08	-1.11613371e+07
1.13102566e+02	2023-06-02T12:42:59.891780	-1.00000000e-02	-1.26600000e-08	7.89889415e+05	1	-1.50000000e-01	6.38690000e-09	-2.34855720e+07
1.13403034e+02	2023-06-02T12:43:00.191955	-1.00000000e-02	-6.27380000e-09	1.59393031e+06	1	-1.00000000e-01	6.10180000e-09	-1.63886066e+07
1.13705870e+02	2023-06-02T12:43:00.495573	-1.00000000e-02	-5.15500000e-09	1.93986421e+06	1	-5.00000000e-02	6.18850000e-09	-8.07950230e+06
1.14000962e+02	2023-06-02T12:43:00.789956	-1.00000000e-02	-3.43510000e-09	2.91112340e+06	1	0.00000000e+00	1.51410000e-08	0.00000000e+00
1.14348057e+02	2023-06-02T12:43:01.137376	-1.00000000e-02	-3.69300000e-09	2.70782562e+06	1	5.00000000e-02	7.08350000e-09	7.05865744e+06
1.14664663e+02	2023-06-02T12:43:01.454270	-1.00000000e-02	-3.18430000e-09	3.14040762e+06	1	1.00000000e-01	6.59790000e-09	1.51563376e+07
1.15017255e+02	2023-06-02T12:43:01.806412	-1.00000000e-02	-1.33900000e-09	7.46825990e+06	1	1.50000000e-01	1.10840000e-08	1.35330206e+07
1.15342597e+02	2023-06-02T12:43:02.132189	-1.00000000e-02	-5.07890000e-09	1.96893028e+06	1	2.00000000e-01	1.55110000e-08	1.28940752e+07
1.15671362e+02	2023-06-02T12:43:02.460812	-1.00000000e-02	-5.02680000e-09	1.98933715e+06	1	2.50000000e-01	8.61220000e-09	2.90285874e+07
1.16018740e+02	2023-06-02T12:43:02.808386	-1.00000000e-02	-3.26290000e-09	3.06475834e+06	1	3.00000000e-01	9.20590000e-09	3.25877970e+07
1.16343409e+02	2023-06-02T12:43:03.132531	-1.00000000e-02	-4.02870000e-09	2.48219028e+06	1	3.50000000e-01	1.79720000e-08	1.94747385e+07
1.16683646e+02	2023-06-02T12:43:03.473027	-1.00000000e-02	-5.60050000e-09	1.78555486e+06	1	4.00000000e-01	1.47450000e-08	2.71278399e+07
1.17019843e+02	2023-06-02T12:43:03.809404	-1.00000000e-02	-4.20520000e-09	2.37800818e+06	1	4.50000000e-01	1.24650000e-08	3.61010830e+07
1.17350286e+02	2023-06-02T12:43:04.139544	-1.00000000e-02	-2.83210000e-09	3.53094877e+06	1	5.00000000e-01	9.32960000e-09	5.35928657e+07
1.17676296e+02	2023-06-02T12:43:04.466008	-1.00000000e-02	-4.14330000e-09	2.41353510e+06	1	5.50000000e-01	1.32880000e-08	4.13907285e+07
1.18018813e+02	2023-06-02T12:43:04.808616	-1.00000000e-02	-4.69320000e-09	2.13074235e+06	1	6.00000000e-01	1.18060000e-08	5.08216161e+07
1.18360487e+02	2023-06-02T12:43:05.149531	-1.00000000e-02	-4.48340000e-09	2.23045010e+06	1	6.50000000e-01	1.20740000e-08	5.38346861e+07
1.18687827e+02	2023-06-02T12:43:05.477422	-1.00000000e-02	-3.29740000e-09	3.03269242e+06	1	7.00000000e-01	9.83060000e-09	7.12062336e+07
1.19015914e+02	2023-06-02T12:43:05.805097	-1.00000000e-02	-5.12250000e-09	1.95217179e+06	1	7.50000000e-01	1.55940000e-08	4.80954213e+07
1.19359414e+02	2023-06-02T12:43:06.148857	-1.00000000e-02	-1.03170000e-08	9.69274014e+05	1	8.00000000e-01	1.78810000e-08	4.47402271e+07
1.19657312e+02	2023-06-02T12:43:06.446393	-1.00000000e-02	-1.08980000e-08	9.17599560e+05	1	8.50000000e-01	1.55300000e-08	5.47327753e+07
1.19958537e+02	2023-06-02T12:43:06.747715	-1.00000000e-02	-3.73230000e-09	2.67931302e+06	1	9.00000000e-01	1.91710000e-08	4.69459079e+07
1.20252212e+02	2023-06-02T12:43:07.041468	-1.00000000e-02	-3.09590000e-09	3.23007849e+06	1	9.50000000e-01	1.74790000e-08	5.43509354e+07
1.20579303e+02	2023-06-02T12:43:07.369111	-1.00000000e-02	-5.00820000e-09	1.99672537e+06	1	1.00000000e+00	1.70120000e-08	5.87820362e+07
1.20884851e+02	2023-06-02T12:43:07.674667	-1.00000000e-02	-3.16660000e-09	3.15796122e+06	2	1.00000000e+00	7.94980000e-09	1.25789328e+08
1.21176687e+02	2023-06-02T12:43:07.965834	-1.00000000e-02	-2.15480000e-09	4.64080193e+06	2	9.50000000e-01	3.57680000e-09	2.65600537e+08
1.21517649e+02	2023-06-02T12:43:08.306721	-1.00000000e-02	-6.36720000e-10	1.57054906e+07	2	9.00000000e-01	2.68110000e-09	3.35683115e+08
1.22986066e+02	2023-06-02T12:43:09.774954	-1.00000000e-02	-7.34730000e-10	1.36104419e+07	2	8.50000000e-01	-2.11950000e-09	-4.01037981e+08
1.23277673e+02	2023-06-02T12:43:10.067041	-1.00000000e-02	1.66950000e-09	-5.98981731e+06	2	8.00000000e-01	-9.32600000e-09	-8.57816856e+07
1.23620787e+02	2023-06-02T12:43:10.410026	-1.00000000e-02	1.74100000e-09	-5.74382539e+06	2	7.50000000e-01	-3.17190000e-09	-2.36451338e+08
1.24486932e+02	2023-06-02T12:43:11.275886	-1.00000000e-02	2.37120000e-09	-4.21727395e+06	2	7.00000000e-01	-2.27110000e-09	-3.08220686e+08
1.24829519e+02	2023-06-02T12:43:11.619102	-1.00000000e-02	1.18800000e-09	-8.41750842e+06	2	6.50000000e-01	-1.75770000e-09	-3.69801445e+08
1.25145774e+02	2023-06-02T12:43:11.935290	-1.00000000e-02	1.65740000e-09	-6.03354652e+06	2	6.00000000e-01	-4.80480000e-09	-1.24875125e+08
1.25477739e+02	2023-06-02T12:43:12.266740	-1.00000000e-02	3.80780000e-09	-2.62618835e+06	2	5.50000000e-01	-3.62120000e-09	-1.51883354e+08
1.25829543e+02	2023-06-02T12:43:12.619166	-1.00000000e-02	3.19140000e-09	-3.13342107e+06	2	5.00000000e-01	-4.05970000e-09	-1.23161810e+08
1.26157655e+02	2023-06-02T12:43:12.947179	-1.00000000e-02	2.05740000e-09	-4.86050355e+06	2	4.50000000e-01	-4.50620000e-09	-9.98624118e+07
1.26491941e+02	2023-06-02T12:43:13.280787	-1.00000000e-02	2.80470000e-09	-3.56544372e+06	2	4.00000000e-01	-6.10050000e-09	-6.55683960e+07
1.26823555e+02	2023-06-02T12:43:13.612722	-1.00000000e-02	4.46000000e-09	-2.24215247e+06	2	3.50000000e-01	-5.72400000e-09	-6.11460517e+07
1.27162179e+02	2023-06-02T12:43:13.951406	-1.00000000e-02	3.24550000e-09	-3.08118934e+06	2	3.00000000e-01	-7.06680000e-09	-4.24520292e+07
1.27494074e+02	2023-06-02T12:43:14.283879	-1.00000000e-02	2.49250000e-09	-4.01203611e+06	2	2.50000000e-01	-7.54750000e-09	-3.31235508e+07
1.27833645e+02	2023-06-02T12:43:14.622840	-1.00000000e-02	3.99800000e-09	-2.50125063e+06	2	2.00000000e-01	-7.65980000e-09	-2.61103423e+07
1.28166920e+02	2023-06-02T12:43:14.955903	-1.00000000e-02	4.95300000e-09	-2.01897840e+06	2	1.50000000e-01	-1.44500000e-08	-1.03806228e+07
1.28502412e+02	2023-06-02T12:43:15.292180	-1.00000000e-02	3.62370000e-09	-2.75961034e+06	2	1.00000000e-01	-7.92880000e-09	-1.26122490e+07
1.28834878e+02	2023-06-02T12:43:15.624582	-1.00000000e-02	3.99730000e-09	-2.50168864e+06	2	5.00000000e-02	-8.55620000e-09	-5.84371567e+06
1.29158233e+02	2023-06-02T12:43:15.947356	-1.00000000e-02	5.26800000e-09	-1.89825361e+06	2	0.00000000e+00	-1.68390000e-08	-0.00000000e+00
1.29513153e+02	2023-06-02T12:43:16.302088	-1.00000000e-02	9.76000000e-09	-1.02459016e+06	2	-5.00000000e-02	-1.79110000e-08	2.79158059e+06
1.29829597e+02	2023-06-02T12:43:16.618595	-1.00000000e-02	2.91830000e-09	-3.42665250e+06	2	-1.00000000e-01	-1.27690000e-08	7.83146683e+06
1.30149585e+02	2023-06-02T12:43:16.939387	-1.00000000e-02	3.14140000e-09	-3.18329407e+06	2	-1.50000000e-01	-6.09080000e-09	2.46273068e+07
1.30459888e+02	2023-06-02T12:43:17.249283	-1.00000000e-02	-4.49340000e-09	2.22548627e+06	2	-2.00000000e-01	-2.75480000e-09	7.26005518e+07
1.31186933e+02	2023-06-02T12:43:17.976151	-1.00000000e-02	-8.79610000e-09	1.13686748e+06	2	-2.50000000e-01	-4.76330000e-09	5.24846220e+07
1.31525600e+02	2023-06-02T12:43:18.314943	-1.00000000e-02	4.52930000e-09	-2.20784669e+06	2	-3.00000000e-01	-1.51390000e-08	1.98163683e+07
1.31825110e+02	2023-06-02T12:43:18.614611	-1.00000000e-02	-4.35450000e-08	2.29647491e+05	2	-3.50000000e-01	-1.03030000e-08	3.39706881e+07
1.32117943e+02	2023-06-02T12:43:18.907826	-1.00000000e-02	-7.75170000e-08	1.29003960e+05	2	-4.00000000e-01	-1.64170000e-08	2.43649875e+07
1.32415713e+02	2023-06-02T12:43:19.205577	-1.00000000e-02	-1.25570000e-07	7.96368559e+04	2	-4.50000000e-01	-8.77650000e-09	5.12732866e+07
1.32705589e+02	2023-06-02T12:43:19.494685	-1.00000000e-02	-2.04730000e-07	4.88448200e+04	2	-5.00000000e-01	-1.77450000e-08	2.81769513e+07
1.32999975e+02	2023-06-02T12:43:19.788913	-1.00000000e-02	-3.27820000e-07	3.05045452e+04	2	-5.50000000e-01	-1.28340000e-08	4.28549166e+07
1.33299730e+02	2023-06-02T12:43:20.089399	-1.00000000e-02	-5.07390000e-07	1.97087053e+04	2	-6.00000000e-01	-1.72980000e-08	3.46860909e+07
1.33592024e+02	2023-06-02T12:43:20.381585	-1.00000000e-02	-7.66770000e-07	1.30417205e+04	2	-6.50000000e-01	-1.80470000e-08	3.60170665e+07
1.33887732e+02	2023-06-02T12:43:20.677494	-1.00000000e-02	-1.11310000e-06	8.98391879e+03	2	-7.00000000e-01	-2.06120000e-08	3.39607995e+07
1.34199822e+02	2023-06-02T12:43:20.989087	-1.00000000e-02	-1.62800000e-06	6.14250614e+03	2	-7.50000000e-01	-1.94770000e-08	3.85069569e+07
1.34492008e+02	2023-06-02T12:43:21.281874	-1.00000000e-02	-2.22180000e-06	4.50085516e+03	2	-8.00000000e-01	-2.08260000e-08	3.84135216e+07
1.34785962e+02	2023-06-02T12:43:21.575763	-1.00000000e-02	-2.94690000e-06	3.39339645e+03	2	-8.50000000e-01	-1.74970000e-08	4.85797565e+07
1.35091737e+02	2023-06-02T12:43:21.881282	-1.00000000e-02	-3.78770000e-06	2.64012461e+03	2	-9.00000000e-01	-1.15300000e-08	7.80572420e+07
1.35425860e+02	2023-06-02T12:43:22.215627	-1.00000000e-02	-4.69550000e-06	2.12969865e+03	2	-9.50000000e-01	-1.83840000e-08	5.16753699e+07
1.35718770e+02	2023-06-02T12:43:22.508666	-1.00000000e-02	-5.66470000e-06	1.76531855e+03	2	-1.00000000e+00	-1.51130000e-08	6.61681996e+07
1.35978017e+02	2023-06-02T12:43:22.767812	-1.00000000e-02	-5.82250000e-06	1.71747531e+03	2	-1.00000000e+00	-7.70120000e-09	1.29849894e+08
1.36268264e+02	2023-06-02T12:43:23.057570	-1.00000000e-02	-5.18040000e-06	1.93035287e+03	2	-9.50000000e-01	-1.03170000e-09	9.20810313e+08
1.36561885e+02	2023-06-02T12:43:23.351216	-1.00000000e-02	-4.43580000e-06	2.25438478e+03	2	-9.00000000e-01	-2.77620000e-09	3.24184137e+08
1.37518740e+02	2023-06-02T12:43:24.308131	-1.00000000e-02	-3.60120000e-06	2.77685216e+03	2	-8.50000000e-01	-3.33220000e-10	2.55086729e+09
1.38099991e+02	2023-06-02T12:43:24.889163	-1.00000000e-02	-2.90880000e-06	3.43784378e+03	2	-8.00000000e-01	1.08610000e-09	-7.36580425e+08
1.38924030e+02	2023-06-02T12:43:25.713820	-1.00000000e-02	-2.22490000e-06	4.49458403e+03	2	-7.50000000e-01	9.39200000e-09	-7.98551959e+07
1.39211730e+02	2023-06-02T12:43:26.001235	-1.00000000e-02	-1.76090000e-06	5.67891419e+03	2	-7.00000000e-01	3.72280000e-09	-1.88030515e+08
1.39514574e+02	2023-06-02T12:43:26.304094	-1.00000000e-02	-1.35250000e-06	7.39371534e+03	2	-6.50000000e-01	3.85860000e-09	-1.68454880e+08
1.39810292e+02	2023-06-02T12:43:26.599330	-1.00000000e-02	-1.00730000e-06	9.92752904e+03	2	-6.00000000e-01	1.05930000e-08	-5.66411781e+07
1.40095836e+02	2023-06-02T12:43:26.885729	-1.00000000e-02	-7.24470000e-07	1.38031941e+04	2	-5.50000000e-01	4.84310000e-09	-1.13563627e+08
1.40390562e+02	2023-06-02T12:43:27.180275	-1.00000000e-02	-5.05700000e-07	1.97745699e+04	2	-5.00000000e-01	6.11300000e-09	-8.17929004e+07
1.40693768e+02	2023-06-02T12:43:27.482951	-1.00000000e-02	-3.41400000e-07	2.92911541e+04	2	-4.50000000e-01	5.19940000e-09	-8.65484479e+07
1.40999267e+02	2023-06-02T12:43:27.788945	-1.00000000e-02	-2.08240000e-07	4.80215136e+04	2	-4.00000000e-01	5.53760000e-09	-7.22334585e+07
1.41294610e+02	2023-06-02T12:43:28.083746	-1.00000000e-02	-1.22250000e-07	8.17995910e+04	2	-3.50000000e-01	6.80680000e-09	-5.14191691e+07
1.41596322e+02	2023-06-02T12:43:28.385438	-1.00000000e-02	-6.89440000e-08	1.45045254e+05	2	-3.00000000e-01	8.50860000e-09	-3.52584444e+07
1.41893722e+02	2023-06-02T12:43:28.682916	-1.00000000e-02	-2.89650000e-08	3.45244260e+05	2	-2.50000000e-01	1.69490000e-08	-1.47501328e+07
1.42187734e+02	2023-06-02T12:43:28.977053	-1.00000000e-02	-1.77280000e-08	5.64079422e+05	2	-2.00000000e-01	1.85390000e-08	-1.07880684e+07
1.42481713e+02	2023-06-02T12:43:29.271577	-1.00000000e-02	-9.25200000e-09	1.08084738e+06	2	-1.50000000e-01	9.40400000e-09	-1.59506593e+07
1.42770706e+02	2023-06-02T12:43:29.560366	-1.00000000e-02	-4.16450000e-09	2.40124865e+06	2	-1.00000000e-01	1.27830000e-08	-7.82288978e+06
1.43103784e+02	2023-06-02T12:43:29.893719	-1.00000000e-02	-1.82470000e-09	5.48035293e+06	2	-5.00000000e-02	5.51000000e-09	-9.07441016e+06
1.43430055e+02	2023-06-02T12:43:30.219842	-1.00000000e-02	-2.19500000e-09	4.55580866e+06	2	0.00000000e+00	6.04940000e-09	0.00000000e+00
1.43769229e+02	2023-06-02T12:43:30.558625	-1.00000000e-02	-3.32670000e-09	3.00598190e+06	2	5.00000000e-02	5.86850000e-09	8.52006475e+06
1.44108858e+02	2023-06-02T12:43:30.898239	-1.00000000e-02	-3.02430000e-09	3.30655028e+06	2	1.00000000e-01	6.08850000e-09	1.64244067e+07
1.44440085e+02	2023-06-02T12:43:31.229847	-1.00000000e-02	-2.61850000e-09	3.81898033e+06	2	1.50000000e-01	6.53080000e-09	2.29680897e+07
1.44775918e+02	2023-06-02T12:43:31.565570	-1.00000000e-02	-4.11230000e-09	2.43172920e+06	2	2.00000000e-01	7.83710000e-09	2.55196437e+07
1.45102108e+02	2023-06-02T12:43:31.891201	-1.00000000e-02	-5.04610000e-09	1.98172846e+06	2	2.50000000e-01	8.03350000e-09	3.11196863e+07
1.45449569e+02	2023-06-02T12:43:32.239105	-1.00000000e-02	-3.52080000e-09	2.84026358e+06	2	3.00000000e-01	9.25620000e-09	3.24107085e+07
1.45781860e+02	2023-06-02T12:43:32.571640	-1.00000000e-02	-3.42790000e-09	2.91723796e+06	2	3.50000000e-01	9.23940000e-09	3.78812477e+07
1.46117742e+02	2023-06-02T12:43:32.907239	-1.00000000e-02	-5.51510000e-09	1.81320375e+06	2	4.00000000e-01	1.65410000e-08	2.41823348e+07
1.46448861e+02	2023-06-02T12:43:33.238543	-1.00000000e-02	-5.08000000e-09	1.96850394e+06	2	4.50000000e-01	1.69740000e-08	2.65111347e+07
1.46787083e+02	2023-06-02T12:43:33.576131	-1.00000000e-02	-7.49200000e-09	1.33475707e+06	2	5.00000000e-01	1.47450000e-08	3.39097999e+07
1.47070640e+02	2023-06-02T12:43:33.860007	-1.00000000e-02	-3.22600000e-09	3.09981401e+06	2	5.50000000e-01	1.89230000e-08	2.90651588e+07
1.47526889e+02	2023-06-02T12:43:34.316259	-1.00000000e-02	-3.55790000e-09	2.81064673e+06	2	6.00000000e-01	8.20620000e-09	7.31154493e+07
1.47922733e+02	2023-06-02T12:43:34.712379	-1.00000000e-02	-3.86510000e-09	2.58725518e+06	2	6.50000000e-01	9.04120000e-09	7.18931115e+07
1.48264754e+02	2023-06-02T12:43:35.053973	-1.00000000e-02	-4.32090000e-09	2.31433266e+06	2	7.00000000e-01	1.02030000e-08	6.86072724e+07
1.48591183e+02	2023-06-02T12:43:35.380959	-1.00000000e-02	-9.63800000e-09	1.03755966e+06	2	7.50000000e-01	1.61440000e-08	4.64568880e+07
1.48876623e+02	2023-06-02T12:43:35.666387	-1.00000000e-02	-6.98930000e-09	1.43075845e+06	2	8.00000000e-01	1.30710000e-08	6.12041925e+07
1.49169205e+02	2023-06-02T12:43:35.958262	-1.00000000e-02	-2.90370000e-09	3.44388194e+06	2	8.50000000e-01	1.66480000e-08	5.10571840e+07
1.49541731e+02	2023-06-02T12:43:36.331672	-1.00000000e-02	-3.75390000e-09	2.66389621e+06	2	9.00000000e-01	1.38630000e-08	6.49210128e+07
1.49867662e+02	2023-06-02T12:43:36.657029	-1.00000000e-02	-9.78200000e-09	1.02228583e+06	2	9.50000000e-01	1.33520000e-08	7.11503895e+07
1.50152727e+02	2023-06-02T12:43:36.942003	-1.00000000e-02	-1.02850000e-08	9.72289742e+05	2	1.00000000e+00	1.93500000e-08	5.16795866e+07
1.50409105e+02	2023-06-02T12:43:37.199079	-1.00000000e-02	-3.92540000e-09	2.54751108e+06	3	1.00000000e+00	1.41380000e-08	7.07313623e+07
1.50692731e+02	2023-06-02T12:43:37.482298	-1.00000000e-02	-1.51040000e-09	6.62076271e+06	3	9.50000000e-01	9.45600000e-10	1.00465313e+09
1.50987328e+02	2023-06-02T12:43:37.776971	-1.00000000e-02	-9.27140000e-10	1.07858576e+07	3	9.00000000e-01	-3.57620000e-09	-2.51663777e+08
1.51967894e+02	2023-06-02T12:43:38.757393	-1.00000000e-02	1.79670000e-09	-5.56575945e+06	3	8.50000000e-01	-1.74430000e-09	-4.87301496e+08
1.52588651e+02	2023-06-02T12:43:39.378504	-1.00000000e-02	9.32900000e-10	-1.07192625e+07	3	8.00000000e-01	-5.63510000e-10	-1.41967312e+09
1.53288365e+02	2023-06-02T12:43:40.077476	-1.00000000e-02	2.30030000e-09	-4.34725905e+06	3	7.50000000e-01	-3.36190000e-09	-2.23088135e+08
1.53585899e+02	2023-06-02T12:43:40.375515	-1.00000000e-02	1.70520000e-09	-5.86441473e+06	3	7.00000000e-01	-2.49830000e-09	-2.80190530e+08
1.53888811e+02	2023-06-02T12:43:40.678720	-1.00000000e-02	2.30960000e-09	-4.32975407e+06	3	6.50000000e-01	-1.06170000e-08	-6.12225676e+07
1.54174571e+02	2023-06-02T12:43:40.963680	-1.00000000e-02	3.92210000e-09	-2.54965452e+06	3	6.00000000e-01	-4.18310000e-09	-1.43434295e+08
1.54503693e+02	2023-06-02T12:43:41.292938	-1.00000000e-02	2.02170000e-09	-4.94633229e+06	3	5.50000000e-01	-4.29590000e-09	-1.28029051e+08
1.54852693e+02	2023-06-02T12:43:41.642517	-1.00000000e-02	1.91020000e-09	-5.23505392e+06	3	5.00000000e-01	-4.97150000e-09	-1.00573268e+08
1.55182152e+02	2023-06-02T12:43:41.971508	-1.00000000e-02	3.71130000e-09	-2.69447363e+06	3	4.50000000e-01	-5.13500000e-09	-8.76338851e+07
1.55515418e+02	2023-06-02T12:43:42.304942	-1.00000000e-02	4.10280000e-09	-2.43735985e+06	3	4.00000000e-01	-1.06550000e-08	-3.75410605e+07
1.55844350e+02	2023-06-02T12:43:42.634295	-1.00000000e-02	2.03750000e-09	-4.90797546e+06	3	3.50000000e-01	-6.27840000e-09	-5.57466871e+07
1.56182100e+02	2023-06-02T12:43:42.971417	-1.00000000e-02	2.71200000e-09	-3.68731563e+06	3	3.00000000e-01	-7.35960000e-09	-4.07630850e+07
1.56514946e+02	2023-06-02T12:43:43.304581	-1.00000000e-02	3.83800000e-09	-2.60552371e+06	3	2.50000000e-01	-1.37340000e-08	-1.82029999e+07
1.56853574e+02	2023-06-02T12:43:43.643584	-1.00000000e-02	3.99490000e-09	-2.50319157e+06	3	2.00000000e-01	-7.38680000e-09	-2.70753236e+07
1.57188218e+02	2023-06-02T12:43:43.978059	-1.00000000e-02	3.16350000e-09	-3.16105579e+06	3	1.50000000e-01	-7.12200000e-09	-2.10614996e+07
1.57522830e+02	2023-06-02T12:43:44.312326	-1.00000000e-02	4.15420000e-09	-2.40720235e+06	3	1.00000000e-01	-8.96850000e-09	-1.11501366e+07
1.57857853e+02	2023-06-02T12:43:44.647776	-1.00000000e-02	5.69380000e-09	-1.75629632e+06	3	5.00000000e-02	-1.58360000e-08	-3.15736297e+06
1.58184710e+02	2023-06-02T12:43:44.973855	-1.00000000e-02	3.09420000e-09	-3.23185314e+06	3	0.00000000e+00	-1.55620000e-08	-0.00000000e+00
1.58529793e+02	2023-06-02T12:43:45.318878	-1.00000000e-02	3.68990000e-09	-2.71010054e+06	3	-5.00000000e-02	-9.63380000e-09	5.19006000e+06
1.58864809e+02	2023-06-02T12:43:45.654725	-1.00000000e-02	2.95540000e-09	-3.38363673e+06	3	-1.00000000e-01	-1.15750000e-08	8.63930886e+06
1.59192075e+02	2023-06-02T12:43:45.981569	-1.00000000e-02	3.25340000e-09	-3.07370751e+06	3	-1.50000000e-01	-9.42800000e-09	1.59100552e+07
1.59527805e+02	2023-06-02T12:43:46.317731	-1.00000000e-02	1.21440000e-09	-8.23451910e+06	3	-2.00000000e-01	-4.56830000e-09	4.37799619e+07
1.59853030e+02	2023-06-02T12:43:46.642233	-1.00000000e-02	-8.41720000e-10	1.18804353e+07	3	-2.50000000e-01	-3.89860000e-09	6.41255835e+07
1.60485368e+02	2023-06-02T12:43:47.275013	-1.00000000e-02	-6.18770000e-09	1.61610938e+06	3	-3.00000000e-01	-5.53880000e-09	5.41633567e+07
1.61105916e+02	2023-06-02T12:43:47.895387	-1.00000000e-02	-7.31440000e-09	1.36716614e+06	3	-3.50000000e-01	-1.28140000e-08	2.73138754e+07
1.61405985e+02	2023-06-02T12:43:48.195347	-1.00000000e-02	-2.70130000e-08	3.70192130e+05	3	-4.00000000e-01	-6.96690000e-09	5.74143450e+07
1.61702744e+02	2023-06-02T12:43:48.492470	-1.00000000e-02	-4.89840000e-08	2.04148293e+05	3	-4.50000000e-01	-1.68000000e-08	2.67857143e+07
1.61997467e+02	2023-06-02T12:43:48.787379	-1.00000000e-02	-9.48580000e-08	1.05420734e+05	3	-5.00000000e-01	-1.86330000e-08	2.68341115e+07
1.62285062e+02	2023-06-02T12:43:49.074356	-1.00000000e-02	-1.68470000e-07	5.93577492e+04	3	-5.50000000e-01	-1.75150000e-08	3.14016557e+07
1.62583863e+02	2023-06-02T12:43:49.373230	-1.00000000e-02	-2.90340000e-07	3.44423779e+04	3	-6.00000000e-01	-1.57850000e-08	3.80107697e+07
1.62890498e+02	2023-06-02T12:43:49.679696	-1.00000000e-02	-4.77420000e-07	2.09459176e+04	3	-6.50000000e-01	-2.03900000e-08	3.18783718e+07
1.63187999e+02	2023-06-02T12:43:49.978068	-1.00000000e-02	-7.53320000e-07	1.32745712e+04	3	-7.00000000e-01	-1.91060000e-08	3.66377054e+07
1.63480547e+02	2023-06-02T12:43:50.270185	-1.00000000e-02	-1.12860000e-06	8.86053518e+03	3	-7.50000000e-01	-1.79060000e-08	4.18854015e+07
1.63781290e+02	2023-06-02T12:43:50.571098	-1.00000000e-02	-1.62030000e-06	6.17169660e+03	3	-8.00000000e-01	-1.10770000e-08	7.22217207e+07
1.64116254e+02	2023-06-02T12:43:50.905389	-1.00000000e-02	-2.24100000e-06	4.46229362e+03	3	-8.50000000e-01	-1.33890000e-08	6.34849503e+07
1.64452972e+02	2023-06-02T12:43:51.242963	-1.00000000e-02	-2.95270000e-06	3.38673079e+03	3	-9.00000000e-01	-1.88130000e-08	4.78392601e+07
1.64747218e+02	2023-06-02T12:43:51.537265	-1.00000000e-02	-3.70470000e-06	2.69927390e+03	3	-9.50000000e-01	-2.07550000e-08	4.57721031e+07
1.65038920e+02	2023-06-02T12:43:51.828252	-1.00000000e-02	-4.54910000e-06	2.19823701e+03	3	-1.00000000e+00	-1.83460000e-08	5.45077946e+07
1.65301327e+02	2023-06-02T12:43:52.091161	-1.00000000e-02	-4.67840000e-06	2.13748290e+03	3	-1.00000000e+00	-7.79480000e-09	1.28290655e+08
1.65589765e+02	2023-06-02T12:43:52.379016	-1.00000000e-02	-4.10930000e-06	2.43350449e+03	3	-9.50000000e-01	-2.49830000e-09	3.80258576e+08
1.65892382e+02	2023-06-02T12:43:52.682120	-1.00000000e-02	-3.47280000e-06	2.87952085e+03	3	-9.00000000e-01	-1.50820000e-09	5.96737833e+08
1.66835698e+02	2023-06-02T12:43:53.624884	-1.00000000e-02	-2.79590000e-06	3.57666583e+03	3	-8.50000000e-01	9.50000000e-09	-8.94736842e+07
1.67121670e+02	2023-06-02T12:43:53.911651	-1.00000000e-02	-2.27260000e-06	4.40024641e+03	3	-8.00000000e-01	1.21510000e-08	-6.58382026e+07
1.67406020e+02	2023-06-02T12:43:54.196017	-1.00000000e-02	-1.77000000e-06	5.64971751e+03	3	-7.50000000e-01	2.89980000e-09	-2.58638527e+08
1.67704311e+02	2023-06-02T12:43:54.493580	-1.00000000e-02	-1.34860000e-06	7.41509714e+03	3	-7.00000000e-01	9.96600000e-09	-7.02388120e+07
1.68008972e+02	2023-06-02T12:43:54.798941	-1.00000000e-02	-9.65300000e-07	1.03594737e+04	3	-6.50000000e-01	4.60390000e-09	-1.41184648e+08
1.68297106e+02	2023-06-02T12:43:55.086810	-1.00000000e-02	-7.00320000e-07	1.42791867e+04	3	-6.00000000e-01	1.25980000e-08	-4.76266074e+07
1.68584833e+02	2023-06-02T12:43:55.374051	-1.00000000e-02	-4.72720000e-07	2.11541716e+04	3	-5.50000000e-01	5.36920000e-09	-1.02436117e+08
1.68878311e+02	2023-06-02T12:43:55.668289	-1.00000000e-02	-3.16110000e-07	3.16345576e+04	3	-5.00000000e-01	1.42270000e-08	-3.51444437e+07
1.69176694e+02	2023-06-02T12:43:55.966249	-1.00000000e-02	-1.97920000e-07	5.05254648e+04	3	-4.50000000e-01	1.04080000e-08	-4.32359723e+07
1.69470869e+02	2023-06-02T12:43:56.260832	-1.00000000e-02	-1.21990000e-07	8.19739323e+04	3	-4.00000000e-01	1.05670000e-08	-3.78536955e+07
1.69758181e+02	2023-06-02T12:43:56.548238	-1.00000000e-02	-7.45980000e-08	1.34051851e+05	3	-3.50000000e-01	1.61190000e-08	-2.17135058e+07
1.70053838e+02	2023-06-02T12:43:56.843001	-1.00000000e-02	-3.83340000e-08	2.60865028e+05	3	-3.00000000e-01	1.76200000e-08	-1.70261067e+07
1.70338367e+02	2023-06-02T12:43:57.127616	-1.00000000e-02	-1.52210000e-08	6.56987057e+05	3	-2.50000000e-01	1.35060000e-08	-1.85102917e+07
1.70632708e+02	2023-06-02T12:43:57.422055	-1.00000000e-02	-1.23150000e-08	8.12017864e+05	3	-2.00000000e-01	1.54990000e-08	-1.29040583e+07
1.70922812e+02	2023-06-02T12:43:57.712540	-1.00000000e-02	-6.17670000e-09	1.61898749e+06	3	-1.50000000e-01	6.91440000e-09	-2.16938563e+07
1.71227061e+02	2023-06-02T12:43:58.016917	-1.00000000e-02	-5.40970000e-09	1.84853134e+06	3	-1.00000000e-01	6.72640000e-09	-1.48667935e+07
1.71546166e+02	2023-06-02T12:43:58.335465	-1.00000000e-02	-2.43920000e-09	4.09970482e+06	3	-5.00000000e-02	6.64890000e-09	-7.52004091e+06
1.71864877e+02	2023-06-02T12:43:58.654447	-1.00000000e-02	-2.93500000e-09	3.40715503e+06	3	0.00000000e+00	5.99000000e-09	0.00000000e+00
1.72219674e+02	2023-06-02T12:43:59.009329	-1.00000000e-02	-2.16710000e-09	4.61446172e+06	3	5.00000000e-02	5.26270000e-09	9.50082657e+06
1.72569019e+02	2023-06-02T12:43:59.358938	-1.00000000e-02	-2.35990000e-09	4.23746769e+06	3	1.00000000e-01	2.31640000e-09	4.31704369e+07
1.73418294e+02	2023-06-02T12:44:00.207553	-1.00000000e-02	-2.64130000e-09	3.78601446e+06	3	1.50000000e-01	4.59340000e-09	3.26555493e+07
1.73751902e+02	2023-06-02T12:44:00.541498	-1.00000000e-02	-2.31770000e-09	4.31462225e+06	3	2.00000000e-01	2.39670000e-09	8.34480744e+07
1.74610409e+02	2023-06-02T12:44:01.400354	-1.00000000e-02	-3.45510000e-09	2.89427224e+06	3	2.50000000e-01	4.81140000e-09	5.19599285e+07
1.74952778e+02	2023-06-02T12:44:01.742447	-1.00000000e-02	-2.46920000e-09	4.04989470e+06	3	3.00000000e-01	5.97120000e-09	5.02411576e+07
1.75288679e+02	2023-06-02T12:44:02.078171	-1.00000000e-02	-3.49360000e-09	2.86237692e+06	3	3.50000000e-01	7.90840000e-09	4.42567397e+07
1.75627334e+02	2023-06-02T12:44:02.417067	-1.00000000e-02	-5.39260000e-09	1.85439306e+06	3	4.00000000e-01	9.41270000e-09	4.24957770e+07
1.75956977e+02	2023-06-02T12:44:02.747088	-1.00000000e-02	-4.57740000e-09	2.18464631e+06	3	4.50000000e-01	1.94280000e-08	2.31624460e+07
1.76296526e+02	2023-06-02T12:44:03.085961	-1.00000000e-02	-3.99870000e-09	2.50081276e+06	3	5.00000000e-01	1.40750000e-08	3.55239787e+07
1.76581407e+02	2023-06-02T12:44:03.371440	-1.00000000e-02	-4.91890000e-09	2.03297485e+06	3	5.50000000e-01	1.73460000e-08	3.17075983e+07
1.76975201e+02	2023-06-02T12:44:03.765212	-1.00000000e-02	-9.54600000e-09	1.04755919e+06	3	6.00000000e-01	1.78310000e-08	3.36492625e+07
1.77274865e+02	2023-06-02T12:44:04.064148	-1.00000000e-02	-3.05000000e-09	3.27868852e+06	3	6.50000000e-01	1.53900000e-08	4.22352177e+07
1.77573779e+02	2023-06-02T12:44:04.363615	-1.00000000e-02	-3.51580000e-09	2.84430286e+06	3	7.00000000e-01	1.45730000e-08	4.80340355e+07
1.77901778e+02	2023-06-02T12:44:04.691684	-1.00000000e-02	-4.19450000e-09	2.38407438e+06	3	7.50000000e-01	1.56710000e-08	4.78591028e+07
1.78236493e+02	2023-06-02T12:44:05.025990	-1.00000000e-02	-5.56260000e-09	1.79772049e+06	3	8.00000000e-01	1.51290000e-08	5.28785776e+07
1.78579762e+02	2023-06-02T12:44:05.369761	-1.00000000e-02	-1.02250000e-08	9.77995110e+05	3	8.50000000e-01	1.34290000e-08	6.32958523e+07
1.78872804e+02	2023-06-02T12:44:05.662634	-1.00000000e-02	-4.30380000e-09	2.32352804e+06	3	9.00000000e-01	1.93570000e-08	4.64948081e+07
1.79162842e+02	2023-06-02T12:44:05.952829	-1.00000000e-02	-3.77010000e-09	2.65244954e+06	3	9.50000000e-01	1.45020000e-08	6.55082058e+07
1.79527065e+02	2023-06-02T12:44:06.316424	-1.00000000e-02	-4.96210000e-09	2.01527579e+06	3	1.00000000e+00	1.83090000e-08	5.46179475e+07