Time elapsed	Time stamp	source_Bioprobe Voltage	source_Bioprobe Current	source_Bioprobe Resistance	trans_drain Voltage	trans_drain Current	trans_drain Resistance	trans_gate Voltage	trans_gate Current	trans_gate Resistance
s		V	A	V/A	V	A	V/A	V	A	V/A

8.82292026e+01	2023-03-06T17:17:13.179109	7.63432700e-05	1.31752900e-04	5.79442805e-01	-2.99947000e-01	-1.10764100e-04	2.70798029e+03	-1.49993800e+00	1.91843400e-10	-7.81855409e+09
8.87768076e+01	2023-03-06T17:17:13.726145	1.01444700e-04	1.06994900e-04	9.48126499e-01	-2.99911500e-01	-1.06297400e-04	2.82143778e+03	-1.44992400e+00	1.00632600e-09	-1.44080944e+09
8.95244473e+01	2023-03-06T17:17:14.474191	3.45062200e-05	1.01655200e-04	3.39443727e-01	-2.99949300e-01	-1.01221600e-04	2.96329341e+03	-1.39990600e+00	-1.02252700e-09	1.36906507e+09
9.02433788e+01	2023-03-06T17:17:15.193237	8.47112000e-05	9.88377200e-05	8.57073595e-01	-2.99936900e-01	-9.85289200e-05	3.04415089e+03	-1.34992500e+00	-1.28449700e-09	1.05093667e+09
9.09621185e+01	2023-03-06T17:17:15.911282	1.01444700e-04	9.67317200e-05	1.04872218e+00	-2.99938700e-01	-9.64227400e-05	3.11066352e+03	-1.29988000e+00	-8.31627800e-10	1.56305501e+09
9.16652278e+01	2023-03-06T17:17:16.614327	9.30758600e-05	9.49262300e-05	9.80507284e-01	-2.99993200e-01	-9.45591800e-05	3.17254443e+03	-1.24996200e+00	9.80659500e-11	-1.27461367e+10
9.23683706e+01	2023-03-06T17:17:17.317372	8.47104100e-05	9.33806000e-05	9.07152128e-01	-2.99949300e-01	-9.30478000e-05	3.22360443e+03	-1.19995000e+00	1.12912500e-09	-1.06272556e+09
9.30715039e+01	2023-03-06T17:17:18.021416	5.12412900e-05	9.18596600e-05	5.57821464e-01	-2.99951400e-01	-9.15500900e-05	3.27636379e+03	-1.14996100e+00	9.83205900e-10	-1.16960344e+09
9.37745091e+01	2023-03-06T17:17:18.724461	5.96071300e-05	9.05557500e-05	6.58236832e-01	-2.99932300e-01	-9.02428100e-05	3.32361437e+03	-1.09994400e+00	-3.69310800e-12	2.97836944e+11
9.44791807e+01	2023-03-06T17:17:19.428506	7.63447300e-05	8.94633400e-05	8.53363288e-01	-2.99947000e-01	-8.90629600e-05	3.36780857e+03	-1.04996600e+00	-9.23713800e-10	1.13667892e+09
9.51809234e+01	2023-03-06T17:17:20.130551	9.30792300e-05	8.83414600e-05	1.05363020e+00	-2.99934600e-01	-8.81011500e-05	3.40443456e+03	-9.99923400e-01	-1.17307500e-09	8.52395115e+08
9.58838648e+01	2023-03-06T17:17:20.833595	1.09812800e-04	8.74636200e-05	1.25552544e+00	-2.99932300e-01	-8.70798400e-05	3.44433683e+03	-9.49894100e-01	-1.40473800e-09	6.76207307e+08
9.66028768e+01	2023-03-06T17:17:21.552641	5.96059000e-05	8.66138400e-05	6.88179857e-01	-2.99930300e-01	-8.63007000e-05	3.47540982e+03	-8.99892000e-01	-1.23655400e-09	7.27741773e+08
9.73214902e+01	2023-03-06T17:17:22.270686	4.28721800e-05	8.57727500e-05	4.99834505e-01	-2.99896900e-01	-8.55407000e-05	3.50589719e+03	-8.49932000e-01	-7.12219000e-10	1.19335766e+09
9.80407654e+01	2023-03-06T17:17:22.990732	9.30792300e-05	8.51410400e-05	1.09323577e+00	-2.99934300e-01	-8.48156900e-05	3.53630678e+03	-7.99868400e-01	-8.56441700e-10	9.33943782e+08
9.87433682e+01	2023-03-06T17:17:23.692776	7.63418000e-05	8.44514500e-05	9.03972638e-01	-2.99942700e-01	-8.41938700e-05	3.56252421e+03	-7.49911700e-01	-2.66500300e-10	2.81392441e+09
9.94464933e+01	2023-03-06T17:17:24.395821	7.63425300e-05	8.39627100e-05	9.09243282e-01	-2.99955400e-01	-8.36766300e-05	3.58469742e+03	-6.99845100e-01	4.94171300e-10	-1.41619940e+09
1.00149853e+02	2023-03-06T17:17:25.098865	5.96102300e-05	8.33920500e-05	7.14819098e-01	-2.99926200e-01	-8.30904200e-05	3.60963635e+03	-6.49917300e-01	1.39700200e-09	-4.65222884e+08
1.00852911e+02	2023-03-06T17:17:25.802911	6.79761400e-05	8.29173300e-05	8.19806185e-01	-2.99951000e-01	-8.26200000e-05	3.63048899e+03	-5.99947500e-01	3.07048900e-10	-1.95391516e+09
1.01556117e+02	2023-03-06T17:17:26.505955	4.28752200e-05	8.24367200e-05	5.20098568e-01	-2.99966000e-01	-8.22389900e-05	3.64749129e+03	-5.49936400e-01	-3.59008000e-10	1.53182213e+09
1.02277262e+02	2023-03-06T17:17:27.227001	6.79734300e-05	8.20225100e-05	8.28716775e-01	-2.99928300e-01	-8.17764100e-05	3.66766284e+03	-4.99936900e-01	-4.35957500e-10	1.14675605e+09
1.03024655e+02	2023-03-06T17:17:27.974048	9.30733300e-05	8.17485400e-05	1.13853202e+00	-2.99938700e-01	-8.13858600e-05	3.68539080e+03	-4.49913600e-01	5.55960500e-11	-8.09254614e+09
1.03729186e+02	2023-03-06T17:17:28.679093	9.30792300e-05	8.13458500e-05	1.14424067e+00	-2.99932600e-01	-8.11287900e-05	3.69699339e+03	-3.99888200e-01	-2.86261900e-10	1.39693127e+09
1.04446490e+02	2023-03-06T17:17:29.396138	7.63418000e-05	8.11002500e-05	9.41326321e-01	-2.99951400e-01	-8.08854300e-05	3.70834896e+03	-3.49889800e-01	4.72294500e-10	-7.40829715e+08
1.05149763e+02	2023-03-06T17:17:30.099183	8.47127700e-05	8.09109800e-05	1.04698732e+00	-2.99957700e-01	-8.06104600e-05	3.72107664e+03	-2.99940300e-01	1.40158700e-09	-2.14000487e+08
1.05852625e+02	2023-03-06T17:17:30.802251	4.28706600e-05	8.07191200e-05	5.31109110e-01	-2.99934300e-01	-8.05210600e-05	3.72491743e+03	-2.49940000e-01	4.38652200e-10	-5.69790827e+08
1.06555995e+02	2023-03-06T17:17:31.505859	6.79727500e-05	8.05324200e-05	8.44042064e-01	-2.99936900e-01	-8.03108100e-05	3.73470147e+03	-1.99930300e-01	-3.27472900e-10	6.10524718e+08
1.07274633e+02	2023-03-06T17:17:32.223904	5.12396000e-05	8.03773300e-05	6.37488207e-01	-2.99924200e-01	-8.00259300e-05	3.74783773e+03	-1.49931200e-01	1.69125100e-11	-8.86510636e+09
1.07979251e+02	2023-03-06T17:17:32.928949	6.79774800e-05	8.02211700e-05	8.47375824e-01	-2.99934600e-01	-7.99922900e-05	3.74954386e+03	-9.99538300e-02	-8.85875700e-10	1.12830536e+08
1.08680860e+02	2023-03-06T17:17:33.629993	3.45057800e-05	8.00240000e-05	4.31192892e-01	-2.99976400e-01	-7.97915200e-05	3.75950226e+03	-4.98925800e-02	-1.21932900e-09	4.09180623e+07
1.09383986e+02	2023-03-06T17:17:34.334038	6.79741100e-05	7.99382800e-05	8.50332406e-01	-2.99940900e-01	-7.96406600e-05	3.76617798e+03	1.12145900e-04	-2.04268700e-10	-5.49011669e+05
1.10087128e+02	2023-03-06T17:17:35.037084	8.47104100e-05	7.97237600e-05	1.06254911e+00	-2.99930300e-01	-7.95854600e-05	3.76865699e+03	5.00998800e-02	5.14355000e-10	9.74033109e+07
1.10790389e+02	2023-03-06T17:17:35.740128	5.96065100e-05	7.97122100e-05	7.47771389e-01	-2.99930300e-01	-7.94172400e-05	3.77663968e+03	1.00088300e-01	1.07613500e-09	9.30071971e+07
1.11493502e+02	2023-03-06T17:17:36.443172	6.79754600e-05	7.96975200e-05	8.52918133e-01	-2.99951400e-01	-7.95339300e-05	3.77136400e+03	1.50037800e-01	5.04282700e-10	2.97527161e+08
1.12196634e+02	2023-03-06T17:17:37.146217	7.63432700e-05	7.96081200e-05	9.58988480e-01	-2.99945000e-01	-7.93588900e-05	3.77960176e+03	2.00039300e-01	-3.26626800e-10	-6.12439947e+08
1.12899644e+02	2023-03-06T17:17:37.849261	5.12418500e-05	7.83557300e-05	6.53964298e-01	-2.99957700e-01	-7.80116300e-05	3.84503823e+03	2.50121200e-01	-1.26977200e-09	-1.96981190e+08
1.13602870e+02	2023-03-06T17:17:38.552305	9.30792300e-05	8.14294300e-05	1.14306621e+00	-2.99938700e-01	-8.11576800e-05	3.69575252e+03	3.00123800e-01	-8.63999800e-10	-3.47365590e+08
1.14305598e+02	2023-03-06T17:17:39.255350	6.79747800e-05	8.16134100e-05	8.32887389e-01	-2.99951400e-01	-8.13505700e-05	3.68714565e+03	3.50128600e-01	4.71572800e-12	7.42469880e+10
1.15024213e+02	2023-03-06T17:17:39.973396	5.96077600e-05	8.16013400e-05	7.30475259e-01	-2.99951000e-01	-8.13121900e-05	3.68888109e+03	4.00116400e-01	-4.11564600e-10	-9.72183711e+08
1.15729114e+02	2023-03-06T17:17:40.678441	8.47104100e-05	8.16265600e-05	1.03777998e+00	-2.99951400e-01	-8.13701300e-05	3.68625932e+03	4.50135400e-01	3.49098000e-10	1.28942417e+09
1.16445644e+02	2023-03-06T17:17:41.395486	6.79761400e-05	8.17370400e-05	8.31644258e-01	-2.99995500e-01	-8.14021400e-05	3.68535152e+03	5.00144000e-01	-7.49629500e-13	-6.67188258e+11
1.17149747e+02	2023-03-06T17:17:42.099531	8.47104100e-05	8.16476100e-05	1.03751243e+00	-2.99970400e-01	-8.14363200e-05	3.68349650e+03	5.50130000e-01	-4.47313200e-10	-1.22985416e+09
1.17868654e+02	2023-03-06T17:17:42.818577	8.47112000e-05	8.16097600e-05	1.03800330e+00	-2.99968100e-01	-8.13727000e-05	3.68634812e+03	6.00155300e-01	3.27650200e-10	1.83169520e+09
1.18571207e+02	2023-03-06T17:17:43.520621	4.28757300e-05	8.16686300e-05	5.24996317e-01	-2.99949000e-01	-8.13595400e-05	3.68670963e+03	6.50126700e-01	1.26156400e-09	5.15333903e+08
1.19274625e+02	2023-03-06T17:17:44.224665	1.09810900e-04	8.16187100e-05	1.34541332e+00	-2.99970400e-01	-8.13353900e-05	3.68806740e+03	7.00098100e-01	9.49580100e-10	7.37271242e+08
1.19979002e+02	2023-03-06T17:17:44.928710	5.96083700e-05	8.16481500e-05	7.30063939e-01	-2.99947000e-01	-8.13253500e-05	3.68823497e+03	7.50116500e-01	4.97074400e-11	1.50906283e+10
1.20680883e+02	2023-03-06T17:17:45.630755	4.28732000e-05	8.16318700e-05	5.25201738e-01	-2.99966000e-01	-8.13149100e-05	3.68894216e+03	8.00069000e-01	-6.36936300e-10	-1.25612090e+09
1.21384131e+02	2023-03-06T17:17:46.333799	7.63432700e-05	8.15261700e-05	9.36426549e-01	-2.99932600e-01	-8.13211400e-05	3.68824884e+03	8.50177500e-01	-1.37321100e-09	-6.19116436e+08
1.22087240e+02	2023-03-06T17:17:47.036844	9.30733300e-05	8.14872100e-05	1.14218329e+00	-2.99968100e-01	-8.13589900e-05	3.68696932e+03	9.00166900e-01	-4.52351500e-10	-1.98997218e+09
1.22790249e+02	2023-03-06T17:17:47.739888	1.18176900e-04	8.15671400e-05	1.44882976e+00	-2.99968300e-01	-8.13012100e-05	3.68959207e+03	9.50118100e-01	7.22068200e-10	1.31582875e+09
1.23493328e+02	2023-03-06T17:17:48.442933	6.79761400e-05	8.15907400e-05	8.33135476e-01	-2.99951400e-01	-8.12843900e-05	3.69014764e+03	1.00022600e+00	1.28554100e-09	7.78058421e+08
1.24196638e+02	2023-03-06T17:17:49.145978	1.01442900e-04	8.15514100e-05	1.24391350e+00	-2.99936600e-01	-8.13469200e-05	3.68712915e+03	1.05010200e+00	8.87333100e-10	1.18343607e+09
1.24899516e+02	2023-03-06T17:17:49.849023	7.63425300e-05	8.16050000e-05	9.35512897e-01	-2.99972400e-01	-8.12860200e-05	3.69033199e+03	1.10010600e+00	-4.53410200e-12	-2.42629301e+11
1.25602867e+02	2023-03-06T17:17:50.552067	6.79768000e-05	8.16234600e-05	8.32809587e-01	-2.99961500e-01	-8.12875100e-05	3.69013025e+03	1.15014300e+00	-8.37935100e-10	-1.37259198e+09
1.26305997e+02	2023-03-06T17:17:51.256112	8.47119800e-05	8.16276700e-05	1.03778510e+00	-2.99932600e-01	-8.12670200e-05	3.69070504e+03	1.20013800e+00	-3.55634600e-10	-3.37463790e+09
1.27024607e+02	2023-03-06T17:17:51.974157	6.79754600e-05	8.15418900e-05	8.33626250e-01	-2.99945300e-01	-8.12580600e-05	3.69126829e+03	1.25020200e+00	-1.31182800e-09	-9.53022805e+08
1.27729160e+02	2023-03-06T17:17:52.679203	5.96083700e-05	8.15603700e-05	7.30849676e-01	-2.99976700e-01	-8.12692100e-05	3.69114822e+03	1.30013100e+00	-8.07239700e-10	-1.61058853e+09
1.28430861e+02	2023-03-06T17:17:53.380247	8.47112000e-05	8.15592700e-05	1.03864588e+00	-2.99943000e-01	-8.12523800e-05	3.69149802e+03	1.35014600e+00	7.49367300e-11	1.80171459e+10
1.29134118e+02	2023-03-06T17:17:54.084291	7.63440100e-05	8.15576200e-05	9.36074520e-01	-2.99963700e-01	-8.12319100e-05	3.69268308e+03	1.40019400e+00	1.00338200e-09	1.39547451e+09
1.29837238e+02	2023-03-06T17:17:54.787336	9.30758600e-05	8.16187100e-05	1.14037406e+00	-2.99942700e-01	-8.13191200e-05	3.68846466e+03	1.45019500e+00	1.12910900e-09	1.28437113e+09
1.30540245e+02	2023-03-06T17:17:55.490381	1.01444700e-04	8.15183100e-05	1.24444067e+00	-2.99943000e-01	-8.12286200e-05	3.69257781e+03	1.50010300e+00	-1.93752500e-10	-7.74236720e+09
1.31240214e+02	2023-03-06T17:17:56.189425	9.30767000e-05	8.15029500e-05	1.14200406e+00	-2.99955400e-01	-8.12860200e-05	3.69012285e+03	1.50011400e+00	1.14341400e-09	1.31196050e+09
1.31415120e+02	2023-03-06T17:17:56.364436	6.79747800e-05	8.15729900e-05	8.33300091e-01	-2.99945300e-01	-8.13180200e-05	3.68854652e+03	1.45020200e+00	1.28559600e-09	1.12803867e+09
1.32118253e+02	2023-03-06T17:17:57.067480	7.63432700e-05	8.14735100e-05	9.37031803e-01	-2.99959700e-01	-8.12706800e-05	3.69087228e+03	1.40005500e+00	8.51164500e-10	1.64487006e+09
1.32821538e+02	2023-03-06T17:17:57.771525	6.79747800e-05	8.15530500e-05	8.33503836e-01	-2.99920200e-01	-8.12675600e-05	3.69052793e+03	1.35017300e+00	-5.58350000e-11	-2.41814811e+10
1.33524502e+02	2023-03-06T17:17:58.474570	5.96083700e-05	8.14577800e-05	7.31770127e-01	-2.99930800e-01	-8.11781700e-05	3.69472236e+03	1.30013200e+00	-1.02337500e-09	-1.27043557e+09
1.34229005e+02	2023-03-06T17:17:59.178614	7.63432700e-05	8.15214200e-05	9.36481111e-01	-2.99953300e-01	-8.12123500e-05	3.69344441e+03	1.25016900e+00	-1.11586100e-09	-1.12036266e+09
1.34930769e+02	2023-03-06T17:17:59.880659	5.12401700e-05	8.15707900e-05	6.28168122e-01	-2.99972400e-01	-8.12165600e-05	3.69348813e+03	1.20018000e+00	-1.18909100e-10	-1.00932561e+10
1.35633983e+02	2023-03-06T17:18:00.583703	8.47104100e-05	8.15077000e-05	1.03929334e+00	-2.99966000e-01	-8.13059600e-05	3.68934823e+03	1.15019100e+00	6.40527300e-10	1.79569395e+09
1.36337121e+02	2023-03-06T17:18:01.286748	1.01446500e-04	8.15446400e-05	1.24406092e+00	-2.99987100e-01	-8.11750500e-05	3.69555793e+03	1.10011900e+00	1.28892300e-09	8.53518015e+08
1.37040730e+02	2023-03-06T17:18:01.990793	5.96071300e-05	8.14535700e-05	7.31792726e-01	-2.99957700e-01	-8.12191300e-05	3.69319026e+03	1.05007500e+00	-7.72800400e-11	-1.35879200e+10
1.37743262e+02	2023-03-06T17:18:02.692837	6.79734300e-05	8.14362000e-05	8.34683224e-01	-2.99940900e-01	-8.12406900e-05	3.69200335e+03	1.00012400e+00	-5.02380500e-10	-1.99076994e+09
1.38446614e+02	2023-03-06T17:18:03.395882	6.79768000e-05	8.15130100e-05	8.33938043e-01	-2.99959700e-01	-8.12354000e-05	3.69247520e+03	9.50084700e-01	1.01477200e-09	9.36254351e+08
1.39180877e+02	2023-03-06T17:18:04.130929	5.96077600e-05	8.15045900e-05	7.31342370e-01	-2.99921600e-01	-8.12280800e-05	3.69233891e+03	9.00103200e-01	-4.11360500e-12	-2.18811286e+11
1.39883914e+02	2023-03-06T17:18:04.833974	6.79754600e-05	8.14031000e-05	8.35047560e-01	-2.99947000e-01	-8.11887600e-05	3.69443997e+03	8.50115800e-01	-1.02968200e-09	-8.25610043e+08
1.40587382e+02	2023-03-06T17:18:05.537018	6.79768000e-05	8.14588800e-05	8.34492200e-01	-2.99961700e-01	-8.11955300e-05	3.69431298e+03	8.00129400e-01	-1.05368300e-09	-7.59364439e+08
1.41290140e+02	2023-03-06T17:18:06.240063	7.63410700e-05	8.13694500e-05	9.38203097e-01	-3.00003800e-01	-8.11661000e-05	3.69617118e+03	7.50088000e-01	-3.15692700e-10	-2.37600679e+09
1.42024617e+02	2023-03-06T17:18:06.974109	7.63410700e-05	8.14661900e-05	9.37088994e-01	-2.99980800e-01	-8.12081500e-05	3.69397407e+03	7.00124300e-01	-1.31980100e-09	-5.30477170e+08
1.42729258e+02	2023-03-06T17:18:07.679154	1.01442900e-04	8.14252200e-05	1.24584128e+00	-2.99923900e-01	-8.11929600e-05	3.69396435e+03	6.50143400e-01	-6.49137900e-10	-1.00154898e+09
1.43430843e+02	2023-03-06T17:18:08.380199	7.63418000e-05	8.14173600e-05	9.37659978e-01	-2.99934600e-01	-8.12123500e-05	3.69321415e+03	6.00184100e-01	3.24709500e-10	1.84837247e+09
1.44133998e+02	2023-03-06T17:18:09.084244	6.79734300e-05	8.14204600e-05	8.34844583e-01	-2.99955400e-01	-8.11896800e-05	3.69450157e+03	5.50103900e-01	1.32422700e-09	4.15415106e+08
1.44837008e+02	2023-03-06T17:18:09.787288	9.30800700e-05	8.14914300e-05	1.14220686e+00	-2.99976400e-01	-8.12002900e-05	3.69427745e+03	5.00093800e-01	5.81625200e-10	8.59821411e+08
1.45540390e+02	2023-03-06T17:18:10.490333	8.47119800e-05	8.14305200e-05	1.04029767e+00	-2.99928300e-01	-8.11913200e-05	3.69409316e+03	4.50113300e-01	-7.12622400e-10	-6.31629458e+08
1.46243384e+02	2023-03-06T17:18:11.193377	5.96071300e-05	8.13921300e-05	7.32345130e-01	-2.99957700e-01	-8.12076000e-05	3.69371463e+03	4.00122100e-01	-1.36818200e-09	-2.92448008e+08
1.46946503e+02	2023-03-06T17:18:11.896422	5.96059000e-05	8.14073000e-05	7.32193550e-01	-2.99953300e-01	-8.11692100e-05	3.69540741e+03	3.50124900e-01	-4.80515800e-10	-7.28643886e+08
1.47649679e+02	2023-03-06T17:18:12.599467	6.79761400e-05	8.14409500e-05	8.34667818e-01	-2.99945000e-01	-8.11840100e-05	3.69463149e+03	3.00113400e-01	4.16800400e-10	7.20041056e+08
1.48352725e+02	2023-03-06T17:18:13.302511	6.79768000e-05	8.14305200e-05	8.34782831e-01	-2.99887900e-01	-8.11745100e-05	3.69436046e+03	2.50106200e-01	2.49870900e-10	1.00094169e+09
1.49071493e+02	2023-03-06T17:18:14.021557	8.47104100e-05	8.14341700e-05	1.04023176e+00	-2.99947000e-01	-8.11882100e-05	3.69446500e+03	2.00092100e-01	-2.38773100e-11	-8.38001014e+09
1.49790225e+02	2023-03-06T17:18:14.739602	3.45053300e-05	8.14457100e-05	4.23660497e-01	-2.99951400e-01	-8.11887600e-05	3.69449416e+03	1.50111800e-01	1.32548800e-09	1.13250214e+08
1.50493377e+02	2023-03-06T17:18:15.443647	5.96083700e-05	8.13910300e-05	7.32370262e-01	-2.99940700e-01	-8.11529300e-05	3.69599348e+03	1.00068900e-01	1.00802200e-09	9.92725357e+07
1.51196493e+02	2023-03-06T17:18:16.146691	6.79754600e-05	8.14215600e-05	8.34858237e-01	-2.99936600e-01	-8.11918700e-05	3.69417036e+03	5.00326200e-02	-5.07889300e-11	-9.85108763e+08
1.51899504e+02	2023-03-06T17:18:16.849736	7.63418000e-05	8.13941300e-05	9.37927588e-01	-2.99957700e-01	-8.11876700e-05	3.69462136e+03	7.03271600e-05	-1.10914700e-09	-6.34065277e+04
1.52602966e+02	2023-03-06T17:18:17.552781	1.01445600e-04	8.13921300e-05	1.24638095e+00	-2.99928300e-01	-8.11661000e-05	3.69524099e+03	-4.98932600e-02	-9.24975200e-10	5.39401056e+07
1.53306016e+02	2023-03-06T17:18:18.255825	6.79741100e-05	8.13910300e-05	8.35154808e-01	-2.99966000e-01	-8.11414000e-05	3.69683047e+03	-9.98993400e-02	6.94703800e-11	-1.43801344e+09
1.54024906e+02	2023-03-06T17:18:18.974871	6.79734300e-05	8.13636000e-05	8.35428005e-01	-2.99953300e-01	-8.11408700e-05	3.69669810e+03	-1.49910400e-01	-1.81561400e-10	8.25673298e+08
1.54729148e+02	2023-03-06T17:18:19.678915	8.47119800e-05	8.13237300e-05	1.04166373e+00	-2.99955400e-01	-8.11167200e-05	3.69782457e+03	-1.99887100e-01	6.60276400e-10	-3.02732462e+08
1.55430391e+02	2023-03-06T17:18:20.379960	7.63425300e-05	8.13542600e-05	9.38396219e-01	-2.99945000e-01	-8.11582300e-05	3.69580510e+03	-2.49935000e-01	1.21407400e-09	-2.05864717e+08
1.56134020e+02	2023-03-06T17:18:21.084005	6.79754600e-05	8.14499100e-05	8.34567650e-01	-2.99955700e-01	-8.10662500e-05	3.70013045e+03	-2.99893900e-01	1.17406100e-10	-2.55432980e+09
1.56837131e+02	2023-03-06T17:18:21.787050	7.63418000e-05	8.13921300e-05	9.37950635e-01	-2.99957700e-01	-8.11240400e-05	3.69751926e+03	-3.49909900e-01	1.26029300e-09	-2.77641707e+08
1.57571490e+02	2023-03-06T17:18:22.521095	6.79754600e-05	8.13699900e-05	8.35387346e-01	-2.99976700e-01	-8.11319100e-05	3.69739477e+03	-3.99913500e-01	8.33089400e-10	-4.80036716e+08
1.58274600e+02	2023-03-06T17:18:23.224140	1.01446500e-04	8.13657800e-05	1.24679564e+00	-2.99953300e-01	-8.11361100e-05	3.69691497e+03	-4.49958500e-01	-1.65159900e-10	2.72438104e+09
1.58979127e+02	2023-03-06T17:18:23.929185	2.61392600e-05	8.14215600e-05	3.21036099e-01	-2.99961700e-01	-8.11929600e-05	3.69442991e+03	-4.99920000e-01	-1.25672100e-09	3.97797124e+08
1.59680843e+02	2023-03-06T17:18:24.631230	7.63425300e-05	8.13716400e-05	9.38195789e-01	-2.99964000e-01	-8.10993600e-05	3.69872216e+03	-5.49915000e-01	-7.85795100e-10	6.99819839e+08
1.60399644e+02	2023-03-06T17:18:25.349275	8.47104100e-05	8.13458500e-05	1.04136118e+00	-2.99955400e-01	-8.09978900e-05	3.70324955e+03	-5.99889200e-01	-1.19199700e-09	5.03264018e+08
1.61102874e+02	2023-03-06T17:18:26.052320	6.79747800e-05	8.13610400e-05	8.35470884e-01	-2.99936600e-01	-8.10898500e-05	3.69881804e+03	-6.49859100e-01	-1.45818900e-10	4.45661776e+09
1.61805864e+02	2023-03-06T17:18:26.755365	6.79747800e-05	8.14162700e-05	8.34904129e-01	-2.99949300e-01	-8.10862000e-05	3.69914116e+03	-6.99902600e-01	-6.16782500e-10	1.13476404e+09
1.62524487e+02	2023-03-06T17:18:27.474410	5.12401700e-05	8.13668800e-05	6.29742347e-01	-2.99947000e-01	-8.10856600e-05	3.69913743e+03	-7.49888300e-01	3.42378600e-10	-2.19023122e+09
1.63229160e+02	2023-03-06T17:18:28.179455	5.96071300e-05	8.13705400e-05	7.32539442e-01	-2.99938700e-01	-8.11372100e-05	3.69668491e+03	-7.99898300e-01	1.32589900e-09	-6.03287505e+08
1.63930841e+02	2023-03-06T17:18:28.880499	9.30792300e-05	8.13094700e-05	1.14475263e+00	-2.99943000e-01	-8.11276900e-05	3.69717171e+03	-8.49915300e-01	6.51455600e-10	-1.30464041e+09
1.64633986e+02	2023-03-06T17:18:29.583544	5.12401700e-05	8.13731100e-05	6.29694134e-01	-2.99963700e-01	-8.11198400e-05	3.69778466e+03	-8.99942300e-01	-2.98038500e-10	3.01955049e+09
1.65337248e+02	2023-03-06T17:18:30.287589	1.01444700e-04	8.14221000e-05	1.24591112e+00	-2.99951600e-01	-8.10584000e-05	3.70043820e+03	-9.49927100e-01	-1.29247800e-09	7.34965779e+08
1.66040754e+02	2023-03-06T17:18:30.990286	1.09809900e-04	8.13694500e-05	1.34952246e+00	-2.99955400e-01	-8.10194500e-05	3.70226409e+03	-9.99899900e-01	-9.43908600e-10	1.05931856e+09
1.66774627e+02	2023-03-06T17:18:31.724857	5.96083700e-05	8.13652300e-05	7.32602489e-01	-2.99943000e-01	-8.11313600e-05	3.69700446e+03	-1.04995700e+00	3.14202500e-10	-3.34165705e+09
1.67493235e+02	2023-03-06T17:18:32.442902	3.45057800e-05	8.13111100e-05	4.24367347e-01	-2.99953300e-01	-8.10825300e-05	3.69935793e+03	-1.09994300e+00	-2.29496200e-10	4.79285932e+09
1.68196504e+02	2023-03-06T17:18:33.145947	6.79741100e-05	8.13284800e-05	8.35797128e-01	-2.99955700e-01	-8.11366600e-05	3.69691949e+03	-1.14994700e+00	-1.26475800e-09	9.09222950e+08
1.68899638e+02	2023-03-06T17:18:33.849992	1.18184000e-04	8.13668800e-05	1.45248288e+00	-2.99951400e-01	-8.11150800e-05	3.69785002e+03	-1.19994100e+00	-8.42550100e-10	1.42417762e+09
1.69602794e+02	2023-03-06T17:18:34.553036	5.96071300e-05	8.13773000e-05	7.32478590e-01	-2.99943000e-01	-8.10141600e-05	3.70235277e+03	-1.24995300e+00	1.39277300e-10	-8.97456369e+09
1.70305860e+02	2023-03-06T17:18:35.256081	6.79754600e-05	8.13220900e-05	8.35879403e-01	-2.99964000e-01	-8.10525500e-05	3.70085827e+03	-1.29992300e+00	1.18297400e-09	-1.09886016e+09
1.71024606e+02	2023-03-06T17:18:35.974126	9.30775400e-05	8.12421700e-05	1.14568013e+00	-2.99960000e-01	-8.10236700e-05	3.70212803e+03	-1.34992800e+00	6.83398700e-10	-1.97531543e+09
1.71729239e+02	2023-03-06T17:18:36.679171	9.30775400e-05	8.13105500e-05	1.14471665e+00	-2.99953300e-01	-8.11145500e-05	3.69789760e+03	-1.39995500e+00	1.24433300e-09	-1.12506459e+09
1.72430941e+02	2023-03-06T17:18:37.381217	3.45066800e-05	8.13284800e-05	4.24287777e-01	-2.99951400e-01	-8.11139900e-05	3.69789971e+03	-1.44991700e+00	1.82587000e-10	-7.94096513e+09
1.73133864e+02	2023-03-06T17:18:38.084261	5.96096200e-05	8.13689000e-05	7.32584808e-01	-2.99943000e-01	-8.10452300e-05	3.70093342e+03	-1.49998400e+00	-6.47039400e-10	2.31822668e+09