Time elapsed	Time stamp	Source Voltage	Source Current	Drain Voltage	Drain Current	Loop1 Index	Gate Voltage	Gate Current
s		V	A	V	A		V	A

1.15411630e+00	23-05-19 16:36:05	6.51917400e-05	-2.75060100e-07	-4.99927800e-01	-5.76780900e-07	1	1.00016800e+00	7.53086200e-07
3.24858510e+00	23-05-19 16:36:07	6.56102800e-05	-1.86240100e-07	-4.99928300e-01	-4.79703700e-07	1	9.50154200e-01	6.46897000e-07
4.35815850e+00	23-05-19 16:36:08	6.53593400e-05	-1.55868300e-07	-4.99928500e-01	-4.25778800e-07	1	9.00122000e-01	5.71307100e-07
5.48601490e+00	23-05-19 16:36:09	6.66977700e-05	-1.34004700e-07	-4.99930400e-01	-3.80096600e-07	1	8.50133400e-01	5.09666100e-07
6.85793500e+00	23-05-19 16:36:10	6.73670200e-05	-1.14815200e-07	-4.99930000e-01	-3.44345600e-07	1	8.00111000e-01	4.57118700e-07
7.99860750e+00	23-05-19 16:36:11	6.76179100e-05	-9.64763600e-08	-4.99930700e-01	-3.13745200e-07	1	7.50111600e-01	4.11895000e-07
9.14308740e+00	23-05-19 16:36:12	6.82034800e-05	-7.48522300e-08	-4.99928400e-01	-2.90046000e-07	1	7.00157400e-01	3.66442300e-07
1.04986905e+01	23-05-19 16:36:14	6.77017100e-05	-4.84781800e-08	-4.99929600e-01	-2.66673800e-07	1	6.50136800e-01	3.19992800e-07
1.18585626e+01	23-05-19 16:36:15	6.54428800e-05	-2.56402600e-08	-4.99929100e-01	-2.46434400e-07	1	6.00116400e-01	2.73140700e-07
1.34990581e+01	23-05-19 16:36:17	6.70325500e-05	-7.25818700e-09	-4.99928000e-01	-2.25263300e-07	1	5.50122700e-01	2.35449900e-07
1.48735682e+01	23-05-19 16:36:18	6.90401400e-05	-2.31889700e-10	-4.99928200e-01	-2.05576900e-07	1	5.00117700e-01	2.09262000e-07
1.62495669e+01	23-05-19 16:36:20	6.97928800e-05	1.21261700e-09	-4.99929000e-01	-1.87186100e-07	1	4.50127100e-01	1.89019100e-07
1.76238068e+01	23-05-19 16:36:21	6.89565000e-05	8.75107200e-10	-4.99929500e-01	-1.69983900e-07	1	4.00154100e-01	1.71125900e-07
1.89986271e+01	23-05-19 16:36:22	6.87892300e-05	5.05580500e-10	-4.99928400e-01	-1.53938300e-07	1	3.50123600e-01	1.54332800e-07
2.03737132e+01	23-05-19 16:36:24	6.77017400e-05	4.32024300e-10	-4.99928800e-01	-1.37872900e-07	1	3.00101900e-01	1.37446700e-07
2.17487036e+01	23-05-19 16:36:25	6.90400500e-05	5.47372800e-10	-4.99928200e-01	-1.19655800e-07	1	2.50115000e-01	1.18922700e-07
2.31237186e+01	23-05-19 16:36:26	6.92909800e-05	8.06344700e-10	-4.99928700e-01	-9.71917000e-08	1	2.00060200e-01	9.71226500e-08
2.45019467e+01	23-05-19 16:36:28	6.91237000e-05	1.15099900e-09	-4.99926800e-01	-6.98102300e-08	1	1.50065800e-01	7.09479800e-08
2.58743091e+01	23-05-19 16:36:29	6.96257300e-05	1.66316400e-09	-4.99927400e-01	-4.00280300e-08	1	1.00066000e-01	4.18983800e-08
2.72520899e+01	23-05-19 16:36:31	6.99599600e-05	3.05941700e-09	-4.99928200e-01	-1.59636500e-08	1	5.00671900e-02	1.74011500e-08
2.89374756e+01	23-05-19 16:36:32	7.07968100e-05	1.12371300e-08	-4.99926700e-01	-5.59075500e-09	1	6.68014300e-05	3.39486300e-09
3.03585268e+01	23-05-19 16:36:34	6.98768200e-05	1.24996800e-07	-4.99928300e-01	-1.38052300e-07	1	-4.99353000e-02	-1.36578300e-10
3.22700758e+01	23-05-19 16:36:36	6.84549100e-05	9.65461900e-07	-4.99927900e-01	-9.90660100e-07	1	-9.99383600e-02	-4.51130200e-09
3.40934788e+01	23-05-19 16:36:37	7.23030200e-05	4.12391600e-06	-4.99929900e-01	-4.23392200e-06	1	-1.49937200e-01	-8.33307600e-09
3.54589612e+01	23-05-19 16:36:39	6.97930500e-05	1.09036400e-05	-4.99929600e-01	-1.37366500e-05	1	-1.99931000e-01	-1.03418200e-08
3.72492970e+01	23-05-19 16:36:41	7.18848600e-05	2.91030300e-05	-4.99931500e-01	-2.94821500e-05	1	-2.49943700e-01	-1.43189100e-08
3.86079732e+01	23-05-19 16:36:42	7.23029700e-05	5.64555400e-05	-4.99929200e-01	-5.68488500e-05	1	-2.99959400e-01	-1.41669900e-08
4.04049361e+01	23-05-19 16:36:44	7.19683600e-05	9.34781600e-05	-4.99930500e-01	-9.39367400e-05	1	-3.49943200e-01	-1.50882600e-08
4.17644206e+01	23-05-19 16:36:45	7.20520300e-05	1.40828600e-04	-4.99931100e-01	-1.41345700e-04	1	-3.99968500e-01	-1.52670400e-08
4.31242399e+01	23-05-19 16:36:46	7.28050900e-05	1.96718600e-04	-4.99930600e-01	-1.97302700e-04	1	-4.49970400e-01	-1.49387700e-08
4.45029962e+01	23-05-19 16:36:48	7.38925300e-05	2.59722200e-04	-4.99930700e-01	-2.60409300e-04	1	-4.99955500e-01	-1.63743900e-08
4.58594948e+01	23-05-19 16:36:49	7.44781000e-05	3.27291000e-04	-4.99931500e-01	-3.28250700e-04	1	-5.49920700e-01	-2.11820000e-08
4.72174477e+01	23-05-19 16:36:51	7.57328800e-05	3.97866500e-04	-4.99931900e-01	-3.98705800e-04	1	-5.99943800e-01	-3.01233100e-08
4.85936041e+01	23-05-19 16:36:52	7.65695000e-05	4.67091600e-04	-4.99933000e-01	-4.68280600e-04	1	-6.49958700e-01	-4.95864500e-08
4.99122667e+01	23-05-19 16:36:53	7.76570500e-05	5.33000800e-04	-4.99931900e-01	-5.34440800e-04	1	-6.99975500e-01	-6.34158400e-08
5.14383814e+01	23-05-19 16:36:55	7.88281900e-05	5.90016100e-04	-4.99931100e-01	-5.91109800e-04	1	-7.49961700e-01	-8.78587800e-08
5.27484131e+01	23-05-19 16:36:56	7.91628300e-05	6.35540000e-04	-4.99931200e-01	-6.36126300e-04	1	-7.99925000e-01	-1.39560700e-07
5.40616568e+01	23-05-19 16:36:57	7.92465000e-05	6.68219800e-04	-4.99931900e-01	-6.68157000e-04	1	-8.49944800e-01	-2.47220100e-07
5.53735096e+01	23-05-19 16:36:59	7.89955900e-05	6.88285000e-04	-4.99931100e-01	-6.87262600e-04	1	-8.99965000e-01	-4.03006200e-07
5.67219250e+01	23-05-19 16:37:00	7.94137300e-05	6.97112000e-04	-4.99931700e-01	-6.95625700e-04	1	-9.49988800e-01	-4.37464900e-07
5.78286746e+01	23-05-19 16:37:01	7.92465900e-05	6.97168700e-04	-4.99932000e-01	-6.95216100e-04	1	-9.99966900e-01	-4.20288200e-07
5.89055460e+01	23-05-19 16:37:02	7.86610800e-05	6.86257800e-04	-4.99931500e-01	-6.84924300e-04	1	-9.99970500e-01	-3.78815300e-07
5.97641227e+01	23-05-19 16:37:03	7.90793000e-05	6.56740200e-04	-4.99931100e-01	-6.57017700e-04	1	-8.99963900e-01	-2.34243100e-07
6.10814417e+01	23-05-19 16:37:04	7.83262900e-05	5.97611900e-04	-4.99931400e-01	-5.98532500e-04	1	-7.99923600e-01	-7.67382000e-08
6.23892026e+01	23-05-19 16:37:06	7.74895600e-05	5.02419800e-04	-4.99931100e-01	-5.02608400e-04	1	-6.99972500e-01	-6.41061000e-09
6.37512214e+01	23-05-19 16:37:07	7.48126500e-05	3.78770300e-04	-4.99931500e-01	-3.75293400e-04	1	-5.99940400e-01	1.24862600e-08
6.53265540e+01	23-05-19 16:37:09	7.33906000e-05	2.48721700e-04	-4.99931100e-01	-2.45864100e-04	1	-4.99948800e-01	2.51044200e-08
6.66891888e+01	23-05-19 16:37:10	7.26374800e-05	1.36614500e-04	-4.99930100e-01	-1.34201700e-04	1	-3.99964100e-01	2.88407600e-08
6.82484624e+01	23-05-19 16:37:12	7.17173100e-05	5.53765800e-05	-4.99930400e-01	-5.38477400e-05	1	-2.99956100e-01	3.14367800e-08
6.98145808e+01	23-05-19 16:37:13	7.04624400e-05	1.21198600e-05	-4.99928000e-01	-1.17595700e-05	1	-1.99927900e-01	3.22959600e-08
7.18155151e+01	23-05-19 16:37:15	6.92072800e-05	8.07826100e-07	-4.99927600e-01	-8.18912600e-07	1	-9.99346000e-02	3.72255200e-08
7.38577780e+01	23-05-19 16:37:17	6.73670500e-05	-4.91234900e-08	-4.99930000e-01	-3.17175800e-08	1	6.54627500e-05	5.18071200e-08
7.59531390e+01	23-05-19 16:37:19	6.71997500e-05	-6.11399600e-08	-4.99929000e-01	-1.17230200e-07	1	1.00066900e-01	1.22882300e-07
7.75765830e+01	23-05-19 16:37:21	6.82872800e-05	-5.44771400e-08	-4.99929600e-01	-1.96731700e-07	1	2.00061300e-01	1.97581400e-07
7.89374101e+01	23-05-19 16:37:22	6.78688800e-05	-5.35097800e-08	-4.99929200e-01	-2.28993200e-07	1	3.00103600e-01	2.38808000e-07
8.03114250e+01	23-05-19 16:37:24	6.63633100e-05	-5.40646400e-08	-4.99930200e-01	-2.61687700e-07	1	4.00155600e-01	2.74748000e-07
8.16873762e+01	23-05-19 16:37:25	6.66976200e-05	-1.05025700e-07	-4.99929600e-01	-3.01408200e-07	1	5.00119600e-01	3.24904900e-07
8.30616326e+01	23-05-19 16:37:26	6.60283300e-05	-1.66623300e-07	-4.99930100e-01	-3.39242900e-07	1	6.00115000e-01	4.05541300e-07
8.42015458e+01	23-05-19 16:37:28	6.56102200e-05	-1.80583100e-07	-4.99930700e-01	-3.80528300e-07	1	7.00153700e-01	4.85741300e-07
8.53419755e+01	23-05-19 16:37:29	6.60283900e-05	-1.78109300e-07	-4.99932500e-01	-4.28378500e-07	1	8.00111900e-01	5.49369800e-07
8.64911579e+01	23-05-19 16:37:30	6.65304000e-05	-1.86892000e-07	-4.99931500e-01	-4.74860900e-07	1	9.00123500e-01	6.05794100e-07
8.76270999e+01	23-05-19 16:37:31	6.59447700e-05	-2.20042800e-07	-4.99928400e-01	-4.84336200e-07	1	1.00016800e+00	6.35864400e-07
8.89526959e+01	23-05-19 16:37:32	6.54428800e-05	-1.91397400e-07	-4.99928400e-01	-4.26667100e-07	2	1.00016700e+00	6.13558500e-07
8.95922071e+01	23-05-19 16:37:33	6.73666400e-05	-1.61312800e-07	-4.99930100e-01	-3.84612900e-07	2	9.50154700e-01	5.45365000e-07
9.09689936e+01	23-05-19 16:37:34	6.66975100e-05	-1.39118200e-07	-4.99929400e-01	-3.51558500e-07	2	9.00122800e-01	4.95310600e-07
9.21078080e+01	23-05-19 16:37:35	6.59448900e-05	-1.21953600e-07	-4.99931200e-01	-3.24226400e-07	2	8.50132900e-01	4.52085600e-07
9.32483174e+01	23-05-19 16:37:37	6.59448500e-05	-1.06394300e-07	-4.99929900e-01	-3.01407300e-07	2	8.00111200e-01	4.12114700e-07
9.43889066e+01	23-05-19 16:37:38	6.65304500e-05	-8.98445800e-08	-4.99929700e-01	-2.79705600e-07	2	7.50116100e-01	3.74039400e-07
9.57483234e+01	23-05-19 16:37:39	6.80360000e-05	-6.95720700e-08	-4.99930100e-01	-2.60194500e-07	2	7.00157500e-01	3.35453000e-07
9.71079790e+01	23-05-19 16:37:40	6.85379800e-05	-4.55618800e-08	-4.99929000e-01	-2.41585300e-07	2	6.50136600e-01	2.93842500e-07
9.84683160e+01	23-05-19 16:37:42	6.59446300e-05	-2.48882800e-08	-4.99928500e-01	-2.24748600e-07	2	6.00117100e-01	2.52302400e-07
1.00108559e+02	23-05-19 16:37:43	6.76177400e-05	-8.25974500e-09	-4.99928800e-01	-2.06762300e-07	2	5.50122100e-01	2.18844300e-07
1.01489235e+02	23-05-19 16:37:45	6.81198400e-05	-1.91769600e-09	-4.99928600e-01	-1.89923400e-07	2	5.00118300e-01	1.95041600e-07
1.02857783e+02	23-05-19 16:37:46	6.76178900e-05	-4.58204100e-10	-4.99929200e-01	-1.73490800e-07	2	4.50126700e-01	1.76879000e-07
1.04232800e+02	23-05-19 16:37:48	6.85378900e-05	-5.28437700e-10	-4.99928500e-01	-1.58188400e-07	2	4.00153800e-01	1.60934800e-07
1.05607691e+02	23-05-19 16:37:49	6.77852100e-05	-6.72698200e-10	-4.99928100e-01	-1.43971700e-07	2	3.50124000e-01	1.45836100e-07
1.06982771e+02	23-05-19 16:37:50	6.87890500e-05	-6.02956500e-10	-4.99927900e-01	-1.29597500e-07	2	3.00102000e-01	1.30624100e-07
1.08360769e+02	23-05-19 16:37:52	6.89562200e-05	-3.76667300e-10	-4.99928300e-01	-1.13196300e-07	2	2.50112700e-01	1.14108200e-07
1.09736139e+02	23-05-19 16:37:53	6.81197300e-05	-4.13548200e-11	-4.99929000e-01	-9.27639600e-08	2	2.00060300e-01	9.39221400e-08
1.11107735e+02	23-05-19 16:37:54	6.78688200e-05	4.13619700e-10	-4.99927900e-01	-6.69271500e-08	2	1.50065700e-01	6.87352800e-08
1.12483240e+02	23-05-19 16:37:56	6.82871600e-05	1.00455600e-09	-4.99929500e-01	-3.87773200e-08	2	1.00064200e-01	4.04778900e-08
1.14123297e+02	23-05-19 16:37:57	6.84543600e-05	2.38756400e-09	-4.99927700e-01	-1.28444100e-08	2	5.00666200e-02	1.56891500e-08
1.15545141e+02	23-05-19 16:37:59	6.95418900e-05	1.08130600e-08	-4.99926900e-01	-4.13495500e-09	2	6.78891800e-05	2.74438200e-09
1.16967500e+02	23-05-19 16:38:00	6.97090800e-05	1.20000800e-07	-4.99929400e-01	-1.30453800e-07	2	-4.99352400e-02	-4.78356100e-10
1.18873289e+02	23-05-19 16:38:02	6.94582700e-05	9.04300600e-07	-4.99927700e-01	-9.27092300e-07	2	-9.99383400e-02	-4.60931400e-09
1.20702772e+02	23-05-19 16:38:04	7.32228900e-05	3.81416200e-06	-4.99930900e-01	-3.91156900e-06	2	-1.49936200e-01	-9.24708000e-09
1.22065157e+02	23-05-19 16:38:05	7.10476100e-05	1.08029100e-05	-4.99928700e-01	-1.24391100e-05	2	-1.99932800e-01	-1.17368900e-08
1.23857542e+02	23-05-19 16:38:07	7.28883000e-05	2.67102400e-05	-4.99929900e-01	-2.70468900e-05	2	-2.49944400e-01	-1.62609300e-08
1.25217063e+02	23-05-19 16:38:09	7.17169600e-05	5.19114300e-05	-4.99929100e-01	-5.22717200e-05	2	-2.99959500e-01	-1.60531000e-08
1.27013877e+02	23-05-19 16:38:10	7.27209900e-05	8.61668800e-05	-4.99930200e-01	-8.65948700e-05	2	-3.49944100e-01	-1.72009000e-08
1.28378332e+02	23-05-19 16:38:12	7.23027900e-05	1.30166900e-04	-4.99929700e-01	-1.30645600e-04	2	-3.99968100e-01	-1.77736100e-08
1.29748270e+02	23-05-19 16:38:13	7.33902500e-05	1.82063000e-04	-4.99931100e-01	-1.82808200e-04	2	-4.49971200e-01	-1.52585000e-08
1.31114286e+02	23-05-19 16:38:14	7.35576300e-05	2.40910700e-04	-4.99931000e-01	-2.41606600e-04	2	-4.99956000e-01	-1.71494800e-08
1.32469673e+02	23-05-19 16:38:16	7.51470000e-05	3.04117800e-04	-4.99930800e-01	-3.04829300e-04	2	-5.49920900e-01	-2.39254500e-08
1.33842537e+02	23-05-19 16:38:17	7.52309300e-05	3.69331800e-04	-4.99932100e-01	-3.70152900e-04	2	-5.99944600e-01	-4.12568800e-08
1.35154512e+02	23-05-19 16:38:19	7.67363500e-05	4.34385000e-04	-4.99932200e-01	-4.34588400e-04	2	-6.49959200e-01	-5.98128200e-08
1.36467113e+02	23-05-19 16:38:20	7.69876600e-05	4.94493300e-04	-4.99932600e-01	-4.94594600e-04	2	-6.99975200e-01	-7.94563600e-08
1.37795055e+02	23-05-19 16:38:21	7.74895300e-05	5.46709500e-04	-4.99931400e-01	-5.47352000e-04	2	-7.49962200e-01	-1.06655600e-07
1.39329431e+02	23-05-19 16:38:23	7.74896200e-05	5.87952100e-04	-4.99930600e-01	-5.87911600e-04	2	-7.99924500e-01	-1.84892500e-07
1.40638877e+02	23-05-19 16:38:24	7.84097400e-05	6.16035500e-04	-4.99930300e-01	-6.15089500e-04	2	-8.49943900e-01	-3.53418400e-07
1.41957276e+02	23-05-19 16:38:25	7.88280400e-05	6.31868800e-04	-4.99932100e-01	-6.30425200e-04	2	-8.99960900e-01	-4.60402400e-07
1.43045178e+02	23-05-19 16:38:26	7.89954200e-05	6.39600300e-04	-4.99931400e-01	-6.38105200e-04	2	-9.49989600e-01	-4.37641300e-07
1.44143397e+02	23-05-19 16:38:27	7.93299400e-05	6.35488600e-04	-4.99931900e-01	-6.32897700e-04	2	-9.99966800e-01	-4.19393900e-07
1.45217602e+02	23-05-19 16:38:29	7.84935000e-05	6.22011700e-04	-4.99931900e-01	-6.20121500e-04	2	-9.99970400e-01	-3.80642100e-07
1.46092043e+02	23-05-19 16:38:29	7.79915200e-05	5.94911300e-04	-4.99931700e-01	-5.95107600e-04	2	-8.99963400e-01	-2.54104800e-07
1.47404509e+02	23-05-19 16:38:31	7.69877800e-05	5.41711700e-04	-4.99931400e-01	-5.42435800e-04	2	-7.99924200e-01	-1.02806900e-07
1.48716750e+02	23-05-19 16:38:32	7.69038200e-05	4.55941500e-04	-4.99931700e-01	-4.56438300e-04	2	-6.99972100e-01	-1.35693800e-08
1.50093676e+02	23-05-19 16:38:33	7.53979300e-05	3.44513500e-04	-4.99931500e-01	-3.41503500e-04	2	-5.99941200e-01	1.04821900e-08
1.51672205e+02	23-05-19 16:38:35	7.36411300e-05	2.26113300e-04	-4.99931900e-01	-2.23865100e-04	2	-4.99947700e-01	2.63970800e-08
1.53029595e+02	23-05-19 16:38:36	7.24701900e-05	1.24003500e-04	-4.99930200e-01	-1.21944600e-04	2	-3.99963700e-01	3.11177100e-08
1.54608240e+02	23-05-19 16:38:38	7.08804900e-05	4.99855400e-05	-4.99929300e-01	-4.86510400e-05	2	-2.99955700e-01	3.45671100e-08
1.56173356e+02	23-05-19 16:38:40	7.01275700e-05	1.08725900e-05	-4.99929600e-01	-1.05599100e-05	2	-1.99926300e-01	3.52715400e-08
1.58175854e+02	23-05-19 16:38:42	6.93744800e-05	7.27256000e-07	-4.99928700e-01	-7.48526100e-07	2	-9.99258300e-02	4.01900700e-08
1.60216786e+02	23-05-19 16:38:44	6.72832000e-05	-5.38999700e-08	-4.99930000e-01	-3.12270500e-08	2	6.61321800e-05	5.24052800e-08
1.62312916e+02	23-05-19 16:38:46	6.70321400e-05	-6.40109700e-08	-4.99927900e-01	-1.15246300e-07	2	1.00065600e-01	1.21618100e-07
1.63937078e+02	23-05-19 16:38:47	6.73668400e-05	-5.74697700e-08	-4.99930400e-01	-1.93880600e-07	2	2.00062400e-01	1.96750500e-07
1.65311122e+02	23-05-19 16:38:49	6.65303400e-05	-5.91912500e-08	-4.99930100e-01	-2.27447800e-07	2	3.00104500e-01	2.40350400e-07
1.66687034e+02	23-05-19 16:38:50	6.67813300e-05	-6.19051200e-08	-4.99929600e-01	-2.61697700e-07	2	4.00154800e-01	2.78146200e-07
1.68060529e+02	23-05-19 16:38:51	6.60282400e-05	-1.19682900e-07	-4.99930100e-01	-3.03122200e-07	2	5.00120300e-01	3.30567000e-07
1.69420058e+02	23-05-19 16:38:53	6.51918000e-05	-1.89766700e-07	-4.99929000e-01	-3.38739500e-07	2	6.00115200e-01	4.14822000e-07
1.70563849e+02	23-05-19 16:38:54	6.56937200e-05	-1.81053500e-07	-4.99930300e-01	-3.82854900e-07	2	7.00155000e-01	4.90938200e-07
1.71704335e+02	23-05-19 16:38:55	6.60281800e-05	-1.77298900e-07	-4.99930600e-01	-4.31064900e-07	2	8.00111000e-01	5.53924700e-07
1.72852451e+02	23-05-19 16:38:56	6.51916500e-05	-1.88461600e-07	-4.99931700e-01	-4.80184600e-07	2	9.00123200e-01	6.22217800e-07
1.73982362e+02	23-05-19 16:38:57	6.43552600e-05	-2.20542500e-07	-4.99928700e-01	-5.12652600e-07	2	1.00016700e+00	6.65834000e-07
1.75310887e+02	23-05-19 16:38:59	6.59445100e-05	-1.92240100e-07	-4.99927900e-01	-4.50052500e-07	3	1.00016800e+00	6.32234200e-07
1.75939029e+02	23-05-19 16:38:59	6.60281400e-05	-1.62623300e-07	-4.99930700e-01	-3.98067800e-07	3	9.50153500e-01	5.58697900e-07
1.77326137e+02	23-05-19 16:39:01	6.63629300e-05	-1.40404800e-07	-4.99930500e-01	-3.60472300e-07	3	9.00122700e-01	5.04368400e-07
1.78472011e+02	23-05-19 16:39:02	6.63628500e-05	-1.23402000e-07	-4.99930300e-01	-3.31900200e-07	3	8.50133600e-01	4.57861400e-07
1.79607518e+02	23-05-19 16:39:03	6.75340400e-05	-1.08137200e-07	-4.99929900e-01	-3.04920700e-07	3	8.00110400e-01	4.16033200e-07
1.80748039e+02	23-05-19 16:39:04	6.67810400e-05	-9.20891700e-08	-4.99929700e-01	-2.81026500e-07	3	7.50114800e-01	3.76730900e-07
1.82108105e+02	23-05-19 16:39:05	6.71992900e-05	-7.24252300e-08	-4.99929200e-01	-2.60687000e-07	3	7.00157300e-01	3.39605700e-07
1.83482463e+02	23-05-19 16:39:07	6.71994600e-05	-4.84468900e-08	-4.99929200e-01	-2.42790300e-07	3	6.50135900e-01	2.97628100e-07
1.84842289e+02	23-05-19 16:39:08	6.48570400e-05	-2.71244400e-08	-4.99929200e-01	-2.25333100e-07	3	6.00116100e-01	2.55755000e-07
1.86482483e+02	23-05-19 16:39:10	6.70320100e-05	-9.16166100e-09	-4.99929300e-01	-2.07168100e-07	3	5.50123500e-01	2.20358400e-07
1.87857409e+02	23-05-19 16:39:11	6.81195800e-05	-2.40433800e-09	-4.99928800e-01	-1.90061700e-07	3	5.00118100e-01	1.95751800e-07
1.89232627e+02	23-05-19 16:39:13	6.77849200e-05	-8.92940900e-10	-4.99929500e-01	-1.73661100e-07	3	4.50126700e-01	1.77254000e-07
1.90607389e+02	23-05-19 16:39:14	6.76178400e-05	-9.11345500e-10	-4.99928400e-01	-1.58354100e-07	3	4.00154100e-01	1.61227000e-07
1.91985033e+02	23-05-19 16:39:15	6.85377200e-05	-9.66672800e-10	-4.99928400e-01	-1.44073400e-07	3	3.50124000e-01	1.46003500e-07
1.93357382e+02	23-05-19 16:39:17	6.75340100e-05	-8.28673900e-10	-4.99928700e-01	-1.29471000e-07	3	3.00101500e-01	1.30603500e-07
1.94733113e+02	23-05-19 16:39:18	6.82868100e-05	-5.52502600e-10	-4.99928300e-01	-1.12771300e-07	3	2.50114100e-01	1.13568800e-07
1.96112700e+02	23-05-19 16:39:19	6.85378600e-05	-1.60970700e-10	-4.99928400e-01	-9.18950800e-08	3	2.00059000e-01	9.31424500e-08
1.97485457e+02	23-05-19 16:39:21	6.84539800e-05	3.37443900e-10	-4.99928200e-01	-6.61014000e-08	3	1.50065500e-01	6.81474800e-08
1.98857478e+02	23-05-19 16:39:22	6.79522100e-05	9.90305800e-10	-4.99929900e-01	-3.83362400e-08	3	1.00065300e-01	4.00703000e-08
2.00498765e+02	23-05-19 16:39:24	6.92071000e-05	2.37929500e-09	-4.99928000e-01	-1.29970000e-08	3	5.00670000e-02	1.57773000e-08
2.01921909e+02	23-05-19 16:39:25	6.95418500e-05	1.05110800e-08	-4.99926200e-01	-3.92164000e-09	3	6.68015100e-05	3.27463200e-09
2.03348841e+02	23-05-19 16:39:27	6.93745400e-05	1.07958900e-07	-4.99928000e-01	-1.12895100e-07	3	-4.99365000e-02	-5.32079500e-10
2.05248495e+02	23-05-19 16:39:29	6.96254100e-05	7.95990400e-07	-4.99928200e-01	-8.15764100e-07	3	-9.99380400e-02	-4.10308000e-09
2.07080643e+02	23-05-19 16:39:30	7.17171900e-05	3.36214300e-06	-4.99930800e-01	-3.44587400e-06	3	-1.49936700e-01	-9.06386000e-09
2.08437105e+02	23-05-19 16:39:32	7.05454700e-05	1.04249600e-05	-4.99928300e-01	-1.06166600e-05	3	-1.99931300e-01	-1.28610700e-08
2.10234346e+02	23-05-19 16:39:34	7.25535200e-05	2.39220600e-05	-4.99930300e-01	-2.42197400e-05	3	-2.49944400e-01	-1.69050900e-08
2.11591870e+02	23-05-19 16:39:35	7.58159800e-05	4.61772800e-05	-4.99933200e-01	-4.65673600e-05	3	-2.99959900e-01	-1.92940600e-08
2.12955462e+02	23-05-19 16:39:36	7.19680400e-05	7.83893000e-05	-4.99930500e-01	-7.88028000e-05	3	-3.49943800e-01	-1.75927100e-08
2.14754051e+02	23-05-19 16:39:38	7.21354200e-05	1.18598100e-04	-4.99930400e-01	-1.19063700e-04	3	-3.99968600e-01	-1.82110900e-08
2.16107313e+02	23-05-19 16:39:39	7.36410400e-05	1.66571500e-04	-4.99930900e-01	-1.67164600e-04	3	-4.49969200e-01	-1.61579900e-08
2.17466641e+02	23-05-19 16:39:41	7.36410400e-05	2.20534000e-04	-4.99931100e-01	-2.21492000e-04	3	-4.99956900e-01	-1.96913200e-08
2.18844646e+02	23-05-19 16:39:42	7.47286800e-05	2.79056600e-04	-4.99931200e-01	-2.79889400e-04	3	-5.49922400e-01	-2.77023700e-08
2.20207852e+02	23-05-19 16:39:44	7.56488000e-05	3.39131100e-04	-4.99932300e-01	-3.40039900e-04	3	-5.99943500e-01	-4.53442300e-08
2.21513608e+02	23-05-19 16:39:45	7.55653600e-05	3.99180700e-04	-4.99931700e-01	-3.99332700e-04	3	-6.49959000e-01	-6.47987100e-08
2.22826155e+02	23-05-19 16:39:46	7.64855700e-05	4.54502300e-04	-4.99932300e-01	-4.54439800e-04	3	-6.99976300e-01	-8.74750900e-08
2.24138572e+02	23-05-19 16:39:47	7.74893800e-05	5.02278600e-04	-4.99930900e-01	-5.02565800e-04	3	-7.49961900e-01	-1.21313600e-07
2.25669968e+02	23-05-19 16:39:49	7.74057500e-05	5.39166000e-04	-4.99931400e-01	-5.39164900e-04	3	-7.99925200e-01	-2.39638000e-07
2.26982550e+02	23-05-19 16:39:50	7.80750100e-05	5.63170100e-04	-4.99930700e-01	-5.61880700e-04	3	-8.49942900e-01	-4.56663900e-07
2.28078812e+02	23-05-19 16:39:51	7.81587400e-05	5.76500600e-04	-4.99931200e-01	-5.75328200e-04	3	-8.99961800e-01	-5.00269800e-07
2.28966877e+02	23-05-19 16:39:52	7.87439300e-05	5.82683200e-04	-4.99931500e-01	-5.80519000e-04	3	-9.49989600e-01	-4.48572100e-07
2.30083287e+02	23-05-19 16:39:53	7.83260000e-05	5.73979100e-04	-4.99930900e-01	-5.70706700e-04	3	-9.99966800e-01	-4.27518400e-07
2.31154098e+02	23-05-19 16:39:55	7.80750700e-05	5.58491600e-04	-4.99931700e-01	-5.56430800e-04	3	-9.99970500e-01	-3.89904500e-07
2.32013534e+02	23-05-19 16:39:55	7.76567000e-05	5.34183900e-04	-4.99931300e-01	-5.34102400e-04	3	-8.99963500e-01	-2.70278000e-07
2.33326359e+02	23-05-19 16:39:57	7.58165000e-05	4.86673500e-04	-4.99930800e-01	-4.87140000e-04	3	-7.99924600e-01	-1.31524000e-07
2.34641851e+02	23-05-19 16:39:58	7.55654200e-05	4.09869100e-04	-4.99931000e-01	-4.10420300e-04	3	-6.99973800e-01	-2.22260700e-08
2.35997815e+02	23-05-19 16:39:59	7.55651600e-05	3.09947100e-04	-4.99932700e-01	-3.07492200e-04	3	-5.99940300e-01	8.30978700e-09
2.37577557e+02	23-05-19 16:40:01	7.30556500e-05	2.03391600e-04	-4.99932000e-01	-2.01404400e-04	3	-4.99949600e-01	2.32596600e-08
2.39141177e+02	23-05-19 16:40:02	7.18007500e-05	1.11076200e-04	-4.99930100e-01	-1.09037900e-04	3	-3.99963600e-01	3.21778500e-08
2.40686886e+02	23-05-19 16:40:04	7.12987400e-05	4.42683800e-05	-4.99929200e-01	-4.30101100e-05	3	-2.99955600e-01	3.61396500e-08
2.42248030e+02	23-05-19 16:40:06	6.92071600e-05	9.39400100e-06	-4.99928300e-01	-9.11007400e-06	3	-1.99926400e-01	3.72204800e-08
2.44269424e+02	23-05-19 16:40:08	6.92908100e-05	6.07481600e-07	-4.99928700e-01	-6.39634600e-07	3	-9.99378400e-02	4.22504300e-08
2.46044673e+02	23-05-19 16:40:09	6.77849400e-05	-5.52053100e-08	-4.99930200e-01	-3.02974200e-08	3	6.53792100e-05	5.32049300e-08
2.48138497e+02	23-05-19 16:40:11	6.70322000e-05	-6.53835200e-08	-4.99928800e-01	-1.13768900e-07	3	1.00067100e-01	1.21408000e-07
2.49747876e+02	23-05-19 16:40:13	6.71994300e-05	-5.83111200e-08	-4.99929600e-01	-1.95905400e-07	3	2.00061800e-01	1.98120600e-07
2.51107317e+02	23-05-19 16:40:14	6.63630200e-05	-6.15895400e-08	-4.99928800e-01	-2.30263000e-07	3	3.00103900e-01	2.43606800e-07
2.52488936e+02	23-05-19 16:40:16	6.71158200e-05	-6.64498100e-08	-4.99929700e-01	-2.65760400e-07	3	4.00155300e-01	2.83320400e-07
2.53847624e+02	23-05-19 16:40:17	6.58608600e-05	-1.30598500e-07	-4.99930000e-01	-3.07573800e-07	3	5.00120400e-01	3.40644800e-07
2.55201105e+02	23-05-19 16:40:19	6.43552300e-05	-2.04650800e-07	-4.99930600e-01	-3.48766700e-07	3	6.00114500e-01	4.32344800e-07
2.56346045e+02	23-05-19 16:40:20	6.53591200e-05	-1.81554900e-07	-4.99930200e-01	-3.95659000e-07	3	7.00156100e-01	5.05061300e-07
2.57484977e+02	23-05-19 16:40:21	6.59444800e-05	-1.76298400e-07	-4.99931000e-01	-4.46187700e-07	3	8.00111600e-01	5.70592100e-07
2.58622887e+02	23-05-19 16:40:22	6.53589400e-05	-1.88978000e-07	-4.99930700e-01	-4.99166300e-07	3	9.00122400e-01	6.46001300e-07
2.59766638e+02	23-05-19 16:40:23	6.48571300e-05	-2.20689700e-07	-4.99928500e-01	-5.42548800e-07	3	1.00017000e+00	6.90493200e-07
2.61091645e+02	23-05-19 16:40:24	6.59445300e-05	-1.93156100e-07	-4.99927600e-01	-4.41458500e-07	4	1.00016900e+00	6.21050800e-07
2.61716664e+02	23-05-19 16:40:25	6.66974500e-05	-1.64049200e-07	-4.99930200e-01	-3.89175600e-07	4	9.50155500e-01	5.53648600e-07
2.63094163e+02	23-05-19 16:40:26	6.66973600e-05	-1.41806100e-07	-4.99930700e-01	-3.55743600e-07	4	9.00123200e-01	5.01132300e-07
2.64238377e+02	23-05-19 16:40:28	6.69485000e-05	-1.24906900e-07	-4.99929400e-01	-3.28105300e-07	4	8.50133200e-01	4.56959100e-07
2.65376437e+02	23-05-19 16:40:29	6.69484700e-05	-1.09832600e-07	-4.99929700e-01	-3.03605700e-07	4	8.00111600e-01	4.17788000e-07
2.66513468e+02	23-05-19 16:40:30	6.68646900e-05	-9.41675900e-08	-4.99928400e-01	-2.82974400e-07	4	7.50115900e-01	3.80608200e-07
2.67872631e+02	23-05-19 16:40:31	6.84540400e-05	-7.50797300e-08	-4.99929100e-01	-2.61990400e-07	4	7.00158100e-01	3.41817800e-07
2.69232238e+02	23-05-19 16:40:33	6.70321400e-05	-5.13067000e-08	-4.99929100e-01	-2.42839400e-07	4	6.50137700e-01	3.00793400e-07
2.70591461e+02	23-05-19 16:40:34	6.49405700e-05	-2.93665700e-08	-4.99928500e-01	-2.25438900e-07	4	6.00117200e-01	2.58136000e-07
2.72232570e+02	23-05-19 16:40:36	6.73666400e-05	-9.94882600e-09	-4.99928200e-01	-2.07093300e-07	4	5.50122600e-01	2.21325700e-07
2.73612848e+02	23-05-19 16:40:37	6.87886800e-05	-2.69423000e-09	-4.99928300e-01	-1.90048800e-07	4	5.00118400e-01	1.96802400e-07
2.74986084e+02	23-05-19 16:40:38	6.89559300e-05	-1.10286500e-09	-4.99928200e-01	-1.74304200e-07	4	4.50127200e-01	1.77902900e-07
2.76357311e+02	23-05-19 16:40:40	6.86213600e-05	-1.07422900e-09	-4.99927900e-01	-1.58894500e-07	4	4.00154200e-01	1.61636700e-07
2.77732083e+02	23-05-19 16:40:41	6.76175800e-05	-1.07485200e-09	-4.99927600e-01	-1.44465800e-07	4	3.50124200e-01	1.46389700e-07
2.79111342e+02	23-05-19 16:40:42	6.75340700e-05	-8.81781300e-10	-4.99927600e-01	-1.29730900e-07	4	3.00102100e-01	1.30799100e-07
2.80481941e+02	23-05-19 16:40:44	6.83704800e-05	-5.70797900e-10	-4.99927300e-01	-1.12698300e-07	4	2.50114300e-01	1.13820100e-07
2.81857471e+02	23-05-19 16:40:45	6.79522100e-05	-1.36191400e-10	-4.99928100e-01	-9.21286300e-08	4	2.00061100e-01	9.36187900e-08
2.83232100e+02	23-05-19 16:40:47	6.81194100e-05	3.93874000e-10	-4.99928400e-01	-6.59534800e-08	4	1.50065400e-01	6.79666300e-08
2.84607090e+02	23-05-19 16:40:48	6.82030600e-05	1.08186700e-09	-4.99931000e-01	-3.79386000e-08	4	1.00069000e-01	3.97307000e-08
2.86497720e+02	23-05-19 16:40:50	6.90398200e-05	2.38124200e-09	-4.99927900e-01	-1.32127300e-08	4	5.00679500e-02	1.57270700e-08
2.87919510e+02	23-05-19 16:40:51	6.99599000e-05	1.01313000e-08	-4.99927100e-01	-2.86478300e-09	4	6.75545700e-05	3.48968000e-09
2.89344304e+02	23-05-19 16:40:53	6.97927900e-05	9.33059500e-08	-4.99928700e-01	-9.46422600e-08	4	-4.99356100e-02	-4.74600600e-10
2.91216563e+02	23-05-19 16:40:55	6.89561500e-05	6.86183700e-07	-4.99928600e-01	-7.02695700e-07	4	-9.99378600e-02	-4.58605900e-09
2.93051438e+02	23-05-19 16:40:56	7.22185700e-05	2.91872400e-06	-4.99929600e-01	-2.99096000e-06	4	-1.49936400e-01	-9.40855100e-09
2.94404043e+02	23-05-19 16:40:58	6.98764300e-05	9.14655700e-06	-4.99927900e-01	-9.29608200e-06	4	-1.99932300e-01	-1.28416200e-08
2.96194839e+02	23-05-19 16:41:00	7.27208700e-05	2.11794800e-05	-4.99929900e-01	-2.14429000e-05	4	-2.49944600e-01	-1.72857200e-08
2.97544557e+02	23-05-19 16:41:01	7.53141000e-05	4.12706200e-05	-4.99932100e-01	-4.16213500e-05	4	-2.99959900e-01	-1.96486500e-08
2.98903956e+02	23-05-19 16:41:02	7.14661200e-05	7.06339000e-05	-4.99930100e-01	-7.10242200e-05	4	-3.49943300e-01	-1.77878200e-08
3.00708773e+02	23-05-19 16:41:04	7.16335800e-05	1.07535500e-04	-4.99929700e-01	-1.07940000e-04	4	-3.99968800e-01	-1.83587300e-08
3.02060196e+02	23-05-19 16:41:05	7.32227300e-05	1.51762000e-04	-4.99931100e-01	-1.52253600e-04	4	-4.49971600e-01	-1.82257500e-08
3.03419465e+02	23-05-19 16:41:07	7.32229100e-05	2.01878800e-04	-4.99930900e-01	-2.02328800e-04	4	-4.99957700e-01	-2.06501000e-08
3.04779124e+02	23-05-19 16:41:08	7.42266100e-05	2.55521500e-04	-4.99930700e-01	-2.56154100e-04	4	-5.49922600e-01	-2.71051900e-08
3.06169566e+02	23-05-19 16:41:10	7.43940700e-05	3.11013400e-04	-4.99931500e-01	-3.11441000e-04	4	-5.99944400e-01	-4.58951900e-08
3.07486675e+02	23-05-19 16:41:11	7.56488300e-05	3.65701000e-04	-4.99932400e-01	-3.65806000e-04	4	-6.49959700e-01	-6.54357700e-08
3.08795316e+02	23-05-19 16:41:12	7.55653600e-05	4.16281600e-04	-4.99932600e-01	-4.16140500e-04	4	-6.99975000e-01	-9.10547600e-08
3.10107724e+02	23-05-19 16:41:13	7.66527300e-05	4.59758500e-04	-4.99932700e-01	-4.59167100e-04	4	-7.49961800e-01	-1.34341100e-07
3.11419373e+02	23-05-19 16:41:15	7.63183600e-05	4.92578200e-04	-4.99933500e-01	-4.91157400e-04	4	-7.99926400e-01	-2.99459700e-07
3.12733136e+02	23-05-19 16:41:16	7.72383000e-05	5.11450800e-04	-4.99932400e-01	-5.07877100e-04	4	-8.49941900e-01	-5.10332300e-07
3.13841476e+02	23-05-19 16:41:17	7.60673100e-05	5.22179300e-04	-4.99931100e-01	-5.20807600e-04	4	-8.99960400e-01	-4.57529800e-07
3.14936676e+02	23-05-19 16:41:18	7.58163800e-05	5.22333000e-04	-4.99931500e-01	-5.19843600e-04	4	-9.49989600e-01	-4.29730400e-07
3.16035746e+02	23-05-19 16:41:19	7.49800000e-05	5.11404400e-04	-4.99932000e-01	-5.08151100e-04	4	-9.99967200e-01	-4.16640900e-07
3.17122432e+02	23-05-19 16:41:20	7.63183300e-05	4.95745500e-04	-4.99931400e-01	-4.93926300e-04	4	-9.99969700e-01	-3.81486400e-07
3.17997581e+02	23-05-19 16:41:21	7.69874600e-05	4.74726700e-04	-4.99931200e-01	-4.74665500e-04	4	-8.99963600e-01	-2.70827600e-07
3.19325612e+02	23-05-19 16:41:23	7.48961800e-05	4.33672200e-04	-4.99931900e-01	-4.33934300e-04	4	-7.99924700e-01	-1.47635900e-07
3.20640315e+02	23-05-19 16:41:24	7.48124400e-05	3.65264700e-04	-4.99932400e-01	-3.64815300e-04	4	-6.99975200e-01	-3.16293600e-08
3.22222889e+02	23-05-19 16:41:26	7.42265500e-05	2.76161500e-04	-4.99931700e-01	-2.74625000e-04	4	-5.99941100e-01	1.33085600e-08
3.23591249e+02	23-05-19 16:41:27	7.22190600e-05	1.81336400e-04	-4.99930500e-01	-1.79586900e-04	4	-4.99948900e-01	2.70495500e-08
3.25153854e+02	23-05-19 16:41:29	7.17170200e-05	9.81797100e-05	-4.99929600e-01	-9.64787400e-05	4	-3.99963200e-01	3.53817600e-08
3.26719334e+02	23-05-19 16:41:30	7.38919400e-05	3.72125000e-05	-4.99932300e-01	-3.65013000e-05	4	-2.99955500e-01	3.33730600e-08
3.28719697e+02	23-05-19 16:41:32	7.00435800e-05	8.53805300e-06	-4.99928200e-01	-7.99319500e-06	4	-1.99929900e-01	4.43639800e-08
3.30060620e+02	23-05-19 16:41:33	6.92068700e-05	4.68571400e-07	-4.99928300e-01	-5.21244600e-07	4	-9.99379000e-02	4.59812100e-08
3.31863456e+02	23-05-19 16:41:35	6.70319400e-05	-6.00875100e-08	-4.99929700e-01	-2.95743500e-08	4	6.62159200e-05	5.50769600e-08
3.33950681e+02	23-05-19 16:41:37	6.81195800e-05	-6.81065800e-08	-4.99928400e-01	-1.13434500e-07	4	1.00066500e-01	1.22418300e-07
3.35584884e+02	23-05-19 16:41:39	6.80358200e-05	-5.99222400e-08	-4.99929500e-01	-1.97207700e-07	4	2.00062800e-01	2.00022400e-07
3.36936499e+02	23-05-19 16:41:40	6.78684200e-05	-6.43239900e-08	-4.99930300e-01	-2.31972200e-07	4	3.00104300e-01	2.46383900e-07
3.38311383e+02	23-05-19 16:41:42	6.72829100e-05	-7.12837100e-08	-4.99930500e-01	-2.66971300e-07	4	4.00155300e-01	2.86459500e-07
3.39669463e+02	23-05-19 16:41:43	6.60281800e-05	-1.40533900e-07	-4.99930900e-01	-3.07607600e-07	4	5.00120500e-01	3.44083300e-07
3.41028930e+02	23-05-19 16:41:44	6.48569000e-05	-2.15625700e-07	-4.99930600e-01	-3.46643500e-07	4	6.00114400e-01	4.36090900e-07
3.42169558e+02	23-05-19 16:41:46	6.61954100e-05	-1.82418900e-07	-4.99931400e-01	-3.90362600e-07	4	7.00154100e-01	5.01474300e-07
3.43312210e+02	23-05-19 16:41:47	6.54425600e-05	-1.76061300e-07	-4.99931400e-01	-4.35240200e-07	4	8.00111300e-01	5.61274800e-07
3.44450619e+02	23-05-19 16:41:48	6.57771600e-05	-1.89915600e-07	-4.99932300e-01	-4.84230900e-07	4	9.00123400e-01	6.29735700e-07
3.45591297e+02	23-05-19 16:41:49	6.55261900e-05	-2.21666400e-07	-4.99928000e-01	-5.31584400e-07	4	1.00016900e+00	7.08810300e-07
3.46919408e+02	23-05-19 16:41:50	6.56096100e-05	-1.93567400e-07	-4.99928200e-01	-5.07163400e-07	5	1.00016900e+00	6.95608700e-07
3.47560052e+02	23-05-19 16:41:51	6.66135500e-05	-1.64192300e-07	-4.99927400e-01	-4.59203300e-07	5	9.50153400e-01	6.27192900e-07
3.48672426e+02	23-05-19 16:41:52	6.71992600e-05	-1.42903200e-07	-4.99927900e-01	-4.22938200e-07	5	9.00123700e-01	5.74324200e-07
3.49763073e+02	23-05-19 16:41:53	6.65301600e-05	-1.26070200e-07	-4.99930300e-01	-3.91157000e-07	5	8.50134500e-01	5.21706700e-07
3.51146118e+02	23-05-19 16:41:55	6.72829100e-05	-1.10711100e-07	-4.99930400e-01	-3.57472400e-07	5	8.00111000e-01	4.71736200e-07
3.52285944e+02	23-05-19 16:41:56	6.69481800e-05	-9.51423100e-08	-4.99930300e-01	-3.27422100e-07	5	7.50112300e-01	4.26312100e-07
3.53419327e+02	23-05-19 16:41:57	6.78685900e-05	-7.66301400e-08	-4.99929900e-01	-2.99813500e-07	5	7.00158000e-01	3.86185600e-07
3.54778712e+02	23-05-19 16:41:58	6.88722100e-05	-5.29026900e-08	-4.99929100e-01	-2.79672400e-07	5	6.50138000e-01	3.39783400e-07
3.56138692e+02	23-05-19 16:41:59	6.51076600e-05	-3.06758100e-08	-4.99930100e-01	-2.55967300e-07	5	6.00117100e-01	2.90567100e-07
3.57779568e+02	23-05-19 16:42:01	6.77010700e-05	-1.03820400e-08	-4.99930200e-01	-2.33012200e-07	5	5.50123700e-01	2.48026200e-07
3.59154929e+02	23-05-19 16:42:03	6.87884100e-05	-2.93239100e-09	-4.99929400e-01	-2.11026700e-07	5	5.00118200e-01	2.17222000e-07
3.60533201e+02	23-05-19 16:42:04	6.89560900e-05	-1.33876700e-09	-4.99929400e-01	-1.90197600e-07	5	4.50126700e-01	1.93917400e-07
3.61903672e+02	23-05-19 16:42:05	6.89561200e-05	-1.25543800e-09	-4.99928600e-01	-1.70971900e-07	5	4.00153900e-01	1.73679400e-07
3.63278813e+02	23-05-19 16:42:07	6.86215100e-05	-1.18819900e-09	-4.99929300e-01	-1.53239200e-07	5	3.50124000e-01	1.55159700e-07
3.64653691e+02	23-05-19 16:42:08	6.81195000e-05	-9.45300400e-10	-4.99928400e-01	-1.35751300e-07	5	3.00101600e-01	1.36903700e-07
3.66030518e+02	23-05-19 16:42:09	6.87888000e-05	-5.85085900e-10	-4.99928400e-01	-1.16496700e-07	5	2.50115200e-01	1.17387500e-07
3.67403607e+02	23-05-19 16:42:11	6.79522400e-05	-1.21053900e-10	-4.99928700e-01	-9.35718500e-08	5	2.00060500e-01	9.49361700e-08
3.68779421e+02	23-05-19 16:42:12	6.85377200e-05	4.43575900e-10	-4.99928300e-01	-6.62770200e-08	5	1.50066000e-01	6.84195000e-08
3.70159898e+02	23-05-19 16:42:14	6.92069600e-05	1.16836300e-09	-4.99930500e-01	-3.80794200e-08	5	1.00069900e-01	3.98495300e-08
3.72044304e+02	23-05-19 16:42:15	6.85378000e-05	2.45320000e-09	-4.99927900e-01	-1.36027400e-08	5	5.00679500e-02	1.59443900e-08
3.73466066e+02	23-05-19 16:42:17	7.02944600e-05	9.76761100e-09	-4.99927500e-01	-2.30417100e-09	5	6.73036000e-05	3.84186000e-09
3.74888079e+02	23-05-19 16:42:18	6.93743900e-05	7.97857400e-08	-4.99928200e-01	-8.06240600e-08	5	-4.99350900e-02	-6.17582400e-11
3.76794759e+02	23-05-19 16:42:20	6.97088200e-05	5.83233400e-07	-4.99927900e-01	-5.96452100e-07	5	-9.99386700e-02	-3.84400800e-09
3.78622493e+02	23-05-19 16:42:22	7.12985000e-05	2.50220300e-06	-4.99929300e-01	-2.56341000e-06	5	-1.49935800e-01	-9.08818400e-09
3.80000791e+02	23-05-19 16:42:23	6.94581300e-05	7.94139100e-06	-4.99928400e-01	-8.07542000e-06	5	-1.99931100e-01	-1.30052400e-08
3.81809766e+02	23-05-19 16:42:25	7.18003800e-05	1.85969300e-05	-4.99929600e-01	-1.88374400e-05	5	-2.49945100e-01	-1.71220100e-08
3.83173345e+02	23-05-19 16:42:27	7.45612500e-05	3.66042400e-05	-4.99931500e-01	-3.69264500e-05	5	-2.99959000e-01	-1.95770800e-08
3.84528649e+02	23-05-19 16:42:28	7.10479300e-05	6.32265600e-05	-4.99930400e-01	-6.36034200e-05	5	-3.49943700e-01	-1.79177100e-08
3.86331345e+02	23-05-19 16:42:30	7.11313300e-05	9.68993800e-05	-4.99929900e-01	-9.72852600e-05	5	-3.99968300e-01	-1.85355400e-08
3.87686673e+02	23-05-19 16:42:31	7.10477400e-05	1.37405500e-04	-4.99930700e-01	-1.37860400e-04	5	-4.49970600e-01	-1.75991100e-08
3.89050349e+02	23-05-19 16:42:32	7.38084200e-05	1.83369600e-04	-4.99930600e-01	-1.83774600e-04	5	-4.99957300e-01	-2.12219600e-08
3.90411160e+02	23-05-19 16:42:34	7.40594100e-05	2.32142000e-04	-4.99930800e-01	-2.32912300e-04	5	-5.49923300e-01	-2.97027200e-08
3.91763037e+02	23-05-19 16:42:35	7.44778400e-05	2.82790600e-04	-4.99931900e-01	-2.83479100e-04	5	-5.99944600e-01	-4.71251200e-08
3.93075650e+02	23-05-19 16:42:36	7.53141000e-05	3.33008900e-04	-4.99932500e-01	-3.32980500e-04	5	-6.49959200e-01	-6.89001300e-08
3.94388034e+02	23-05-19 16:42:38	7.62341400e-05	3.78804800e-04	-4.99932500e-01	-3.78500600e-04	5	-6.99974800e-01	-9.65227600e-08
3.95700514e+02	23-05-19 16:42:39	7.57324800e-05	4.17772400e-04	-4.99933400e-01	-4.17113800e-04	5	-7.49962200e-01	-1.53031000e-07
3.97013452e+02	23-05-19 16:42:40	7.69872000e-05	4.46313200e-04	-4.99933300e-01	-4.44283400e-04	5	-7.99926500e-01	-3.84776900e-07
3.98330944e+02	23-05-19 16:42:42	7.56490900e-05	4.60276800e-04	-4.99933300e-01	-4.57437900e-04	5	-8.49942500e-01	-5.43547300e-07
3.99216137e+02	23-05-19 16:42:43	7.70711100e-05	4.69830500e-04	-4.99933300e-01	-4.66794400e-04	5	-8.99960800e-01	-4.64694200e-07
4.00332074e+02	23-05-19 16:42:44	7.64855300e-05	4.65575500e-04	-4.99932900e-01	-4.61809400e-04	5	-9.49988700e-01	-4.35525000e-07
4.01422899e+02	23-05-19 16:42:45	7.61508400e-05	4.52604300e-04	-4.99933200e-01	-4.48459500e-04	5	-9.99966200e-01	-4.25211900e-07
4.02497492e+02	23-05-19 16:42:46	7.60671200e-05	4.37528400e-04	-4.99932700e-01	-4.34782200e-04	5	-9.99969700e-01	-3.90629100e-07
4.03342244e+02	23-05-19 16:42:47	7.51470500e-05	4.19374000e-04	-4.99933100e-01	-4.17838700e-04	5	-8.99963000e-01	-2.80986500e-07
4.04660448e+02	23-05-19 16:42:48	7.60670500e-05	3.82773900e-04	-4.99931800e-01	-3.81787600e-04	5	-7.99925500e-01	-1.67919900e-07
4.05970658e+02	23-05-19 16:42:49	7.44778100e-05	3.21742900e-04	-4.99932000e-01	-3.21161700e-04	5	-6.99975700e-01	-4.06431200e-08
4.07356574e+02	23-05-19 16:42:51	7.28046300e-05	2.43295500e-04	-4.99931700e-01	-2.42240500e-04	5	-5.99940400e-01	1.29751600e-08
4.08716070e+02	23-05-19 16:42:52	7.30554400e-05	1.59797200e-04	-4.99931100e-01	-1.58047400e-04	5	-4.99948900e-01	2.72213600e-08
4.10294227e+02	23-05-19 16:42:54	7.17169300e-05	8.57409400e-05	-4.99930200e-01	-8.41315400e-05	5	-3.99957000e-01	4.02550800e-08
4.11873086e+02	23-05-19 16:42:55	7.40591800e-05	3.17120000e-05	-4.99930800e-01	-3.10165200e-05	5	-2.99955000e-01	3.53516800e-08
4.13892866e+02	23-05-19 16:42:57	6.90396700e-05	7.04568100e-06	-4.99928000e-01	-6.56600800e-06	5	-1.99930500e-01	4.77316700e-08
4.15200289e+02	23-05-19 16:42:59	7.21350700e-05	3.42108400e-07	-4.99930500e-01	-4.01691800e-07	5	-9.99385500e-02	4.19597200e-08
4.17487285e+02	23-05-19 16:43:01	6.71156200e-05	-7.61567200e-08	-4.99929700e-01	-3.33441700e-08	5	6.61322300e-05	6.02728300e-08
4.19122277e+02	23-05-19 16:43:02	6.74502600e-05	-7.23607500e-08	-4.99928900e-01	-1.18341000e-07	5	1.00067200e-01	1.25468100e-07
4.20747391e+02	23-05-19 16:43:04	6.73666400e-05	-6.09955700e-08	-4.99929400e-01	-2.01190700e-07	5	2.00061700e-01	2.02885900e-07
4.22106591e+02	23-05-19 16:43:05	6.69482400e-05	-6.53188500e-08	-4.99929300e-01	-2.33809000e-07	5	3.00104700e-01	2.47646300e-07
4.23481568e+02	23-05-19 16:43:07	6.67811000e-05	-7.37862300e-08	-4.99929000e-01	-2.65653200e-07	5	4.00156000e-01	2.84800500e-07
4.24840863e+02	23-05-19 16:43:08	6.52752100e-05	-1.46367700e-07	-4.99929400e-01	-3.02077900e-07	5	5.00119000e-01	3.40856400e-07
4.26204269e+02	23-05-19 16:43:10	6.47734000e-05	-2.21794000e-07	-4.99930000e-01	-3.38704700e-07	5	6.00114100e-01	4.31838400e-07
4.27343342e+02	23-05-19 16:43:11	6.57771600e-05	-1.82972900e-07	-4.99930000e-01	-3.78396500e-07	5	7.00154100e-01	4.91060200e-07
4.28481452e+02	23-05-19 16:43:12	6.52752100e-05	-1.75671300e-07	-4.99930700e-01	-4.20164800e-07	5	8.00110700e-01	5.46687200e-07
4.29627656e+02	23-05-19 16:43:13	6.56096400e-05	-1.90301600e-07	-4.99930300e-01	-4.63860800e-07	5	9.00123500e-01	6.09408900e-07
4.30762756e+02	23-05-19 16:43:14	6.53589400e-05	-2.22406100e-07	-4.99927900e-01	-4.97925400e-07	5	1.00016800e+00	6.63780300e-07