Time elapsed	Time stamp	source_Bioprobe Voltage	source_Bioprobe Current	source_Bioprobe Resistance	trans_drain Voltage	trans_drain Current	trans_drain Resistance	Loop1 Index	trans_gate Voltage	trans_gate Current	trans_gate Resistance
s		V	A	V/A	V	A	V/A		V	A	V/A

6.86613493e+02	2023-03-16T18:03:37.412773	1.76753100e-04	-3.23800900e-07	-5.45869700e+02	-1.00015400e-01	-3.01542800e-07	3.31678952e+05	3	1.00020500e+00	4.83791800e-07	2.06742859e+06
6.86786070e+02	2023-03-16T18:03:37.585784	1.18177900e-04	-2.30240200e-07	-5.13280913e+02	-9.99414700e-02	-2.61246200e-07	3.82556646e+05	3	9.50103800e-01	5.74426700e-07	1.65400355e+06
6.87349405e+02	2023-03-16T18:03:38.148825	9.30758600e-05	-2.43688200e-07	-3.81946520e+02	-9.99387700e-02	-2.27320000e-07	4.39639143e+05	3	9.00169300e-01	4.86565200e-07	1.85004867e+06
6.87912663e+02	2023-03-16T18:03:38.711865	-4.07967300e-05	-2.09919300e-07	1.94344827e+02	-9.99337800e-02	-1.99847900e-07	5.00049187e+05	3	8.50090800e-01	5.48635100e-07	1.54946484e+06
6.88473688e+02	2023-03-16T18:03:39.272904	-4.07968400e-05	-1.68197100e-07	2.42553766e+02	-9.99407900e-02	-1.73798200e-07	5.75039270e+05	3	8.00177200e-01	3.17217100e-07	2.52249075e+06
6.89708356e+02	2023-03-16T18:03:40.507991	6.79774800e-05	-1.36498900e-07	-4.98007530e+02	-9.99254200e-02	-1.44330300e-07	6.92338476e+05	3	7.49576000e-01	5.72721600e-08	1.30879646e+07
6.90448762e+02	2023-03-16T18:03:41.248043	1.43282700e-04	-6.05306500e-08	-2.36710989e+03	-9.99464600e-02	-1.19772400e-07	8.34469878e+05	3	6.99631800e-01	2.84751100e-07	2.45699420e+06
6.91505292e+02	2023-03-16T18:03:42.305118	1.26548200e-04	-8.66116300e-08	-1.46109939e+03	-9.99394500e-02	-9.49457300e-08	1.05259552e+06	3	6.49575000e-01	-1.03973700e-07	-6.24749336e+06
6.92239942e+02	2023-03-16T18:03:43.039170	-3.83861700e-04	-4.02626600e-08	9.53393790e+03	-9.99464600e-02	-7.33029800e-08	1.36347063e+06	3	6.00711400e-01	2.90204400e-07	2.06995966e+06
6.93148280e+02	2023-03-16T18:03:43.948234	-7.42669600e-05	-3.62180400e-08	2.05055160e+03	-9.99337800e-02	-4.96148900e-08	2.01418929e+06	3	5.50150500e-01	2.58105300e-07	2.13149633e+06
6.94224001e+02	2023-03-16T18:03:45.023311	1.77726200e-05	-3.24870800e-08	-5.47067326e+02	-9.99317600e-02	-3.27996100e-08	3.04673623e+06	3	5.00604000e-01	2.59723100e-07	1.92745274e+06
6.95147925e+02	2023-03-16T18:03:45.947376	-3.75494200e-04	-5.22914500e-09	7.18079533e+04	-9.99491700e-02	-1.89090900e-08	5.28577367e+06	3	4.49722500e-01	1.06571800e-07	4.21990151e+06
6.95880234e+02	2023-03-16T18:03:46.680427	3.27362300e-04	-3.02744500e-08	-1.08131543e+04	-9.99163700e-02	-9.26606100e-09	1.07830469e+07	3	4.00601600e-01	-1.75354600e-07	-2.28452290e+06
6.96958377e+02	2023-03-16T18:03:47.758503	3.69190400e-04	-2.79451200e-08	-1.32112655e+04	-9.99414700e-02	-4.29531200e-09	2.32675694e+07	3	3.50233700e-01	-2.02249100e-07	-1.73169473e+06
6.98038580e+02	2023-03-16T18:03:48.838580	3.77554700e-04	-2.38796600e-08	-1.58107234e+04	-9.99304000e-02	-1.90564000e-09	5.24392855e+07	3	3.00458600e-01	-2.22670400e-07	-1.34934235e+06
6.99114653e+02	2023-03-16T18:03:49.914656	3.60833900e-04	-1.60571900e-08	-2.24717961e+04	-9.99157000e-02	-1.09233800e-09	9.14695818e+07	3	2.51031300e-01	-6.53504600e-08	-3.84130884e+06
6.99864831e+02	2023-03-16T18:03:50.664709	-1.56955900e-05	1.49947700e-08	-1.04673763e+03	-9.99317600e-02	-3.31246600e-10	3.01683881e+08	3	1.99222200e-01	2.09247700e-07	9.52087884e+05
7.00786823e+02	2023-03-16T18:03:51.586773	6.79754600e-05	1.16822500e-08	5.81869588e+03	-9.99414700e-02	1.38230300e-09	-7.23006967e+07	3	1.49324500e-01	-1.39080500e-07	-1.07365519e+06
7.01864771e+02	2023-03-16T18:03:52.664850	5.12401700e-05	2.33989100e-08	2.18985286e+03	-9.98759000e-02	2.36414400e-09	-4.22461153e+07	3	9.98386600e-02	-1.11428600e-07	-8.95987745e+05
7.02942878e+02	2023-03-16T18:03:53.742926	-3.24295200e-05	1.27204800e-07	-2.54939436e+02	-9.99163700e-02	-4.21260200e-08	2.37184453e+06	3	5.00828100e-02	-1.32392600e-08	-3.78290101e+06
7.04364627e+02	2023-03-16T18:03:55.164026	1.34914400e-04	2.46837700e-07	5.46571290e+02	-9.99498300e-02	-2.35388300e-07	4.24616814e+05	3	1.28889100e-04	-7.70022900e-09	-1.67383464e+04
7.05426685e+02	2023-03-16T18:03:56.226101	7.63418000e-05	1.03759600e-06	7.35756499e+01	-9.99240600e-02	-1.02666100e-06	9.73291671e+04	3	-5.00264200e-02	-7.73040100e-09	6.47138745e+06
7.06615672e+02	2023-03-16T18:03:57.415186	6.79747800e-05	2.96245800e-06	2.29453987e+01	-9.99220400e-02	-3.01256100e-06	3.31684703e+04	3	-1.00073000e-01	-8.56697100e-08	1.16812582e+06
7.07286619e+02	2023-03-16T18:03:58.086233	8.47119800e-05	7.37477400e-06	1.14867222e+01	-9.99839700e-02	-7.36605800e-06	1.35736061e+04	3	-1.49855900e-01	-3.76976200e-08	3.97520851e+06
7.08427289e+02	2023-03-16T18:03:59.227313	6.79754600e-05	1.43761700e-05	4.72834281e+00	-9.99582100e-02	-1.43743300e-05	6.95393872e+03	3	-1.99908100e-01	-4.71193500e-08	4.24259036e+06
7.09098966e+02	2023-03-16T18:03:59.899360	7.63425300e-05	2.44332100e-05	3.12453951e+00	-9.98815700e-02	-2.43763200e-05	4.09748354e+03	3	-2.50023700e-01	-1.02084000e-07	2.44919576e+06
7.10162629e+02	2023-03-16T18:04:00.962436	6.79741100e-05	3.65035900e-05	1.86212123e+00	-9.99561800e-02	-3.64913100e-05	2.73917763e+03	3	-3.00026000e-01	-1.09325900e-07	2.74432682e+06
7.11239789e+02	2023-03-16T18:04:02.039513	7.63425300e-05	4.85551300e-05	1.57228556e+00	-9.99401200e-02	-4.84449000e-05	2.06296473e+03	3	-3.49895500e-01	-8.01842300e-08	4.36364482e+06
7.12255441e+02	2023-03-16T18:04:03.055585	5.96077600e-05	5.87582000e-05	1.01445858e+00	-9.99414700e-02	-5.84459200e-05	1.70998198e+03	3	-3.99804200e-01	-5.38671700e-08	7.42203832e+06
7.13552290e+02	2023-03-16T18:04:04.352273	7.63425300e-05	6.56527100e-05	1.16282374e+00	-9.99478100e-02	-6.53257900e-05	1.52999007e+03	3	-4.50102200e-01	-1.38465300e-07	3.25064980e+06
7.14614967e+02	2023-03-16T18:04:05.415349	6.79741100e-05	6.93533200e-05	9.80113281e-01	-9.99317600e-02	-6.89115300e-05	1.45014572e+03	3	-4.99838000e-01	-9.26129200e-08	5.39706555e+06
7.15630289e+02	2023-03-16T18:04:06.430421	9.30783900e-05	6.99515400e-05	1.33061245e+00	-9.99254200e-02	-6.94582100e-05	1.43864087e+03	3	-5.50047900e-01	-3.36378900e-07	1.63520334e+06
7.16992565e+02	2023-03-16T18:04:07.792517	1.01444700e-04	6.76559300e-05	1.49942067e+00	-9.99324300e-02	-6.71276200e-05	1.48869318e+03	3	-5.99989900e-01	-1.44640300e-07	4.14815166e+06
7.17680567e+02	2023-03-16T18:04:08.480566	9.30733300e-05	6.39491600e-05	1.45542694e+00	-9.99247400e-02	-6.33118700e-05	1.57829393e+03	3	-6.50044300e-01	-1.09049300e-07	5.96101305e+06
7.18492538e+02	2023-03-16T18:04:09.292623	4.28732000e-05	5.78737100e-05	7.40806145e-01	-9.99401200e-02	-5.69610600e-05	1.75453406e+03	3	-6.99898900e-01	-4.06570300e-07	1.72147080e+06
7.19146300e+02	2023-03-16T18:04:09.946669	6.79754600e-05	4.97130500e-05	1.36735646e+00	-9.99555000e-02	-4.85932000e-05	2.05698534e+03	3	-7.49754500e-01	-3.29190500e-07	2.27757028e+06
7.19962302e+02	2023-03-16T18:04:10.762727	7.63418000e-05	3.45595600e-05	2.20899224e+00	-9.99240600e-02	-3.10176000e-05	3.22152778e+03	3	-8.00101400e-01	-3.81639800e-07	2.09648312e+06
7.20900916e+02	2023-03-16T18:04:11.700793	8.47096200e-05	2.46691400e-05	3.43382947e+00	-9.99337800e-02	-2.37583300e-05	4.20626281e+03	3	-8.00040500e-01	-3.76060700e-07	2.12742384e+06
7.21083415e+02	2023-03-16T18:04:11.883806	1.09810900e-04	2.50011400e-05	4.39223571e+00	-9.99568600e-02	-2.43404800e-05	4.10661006e+03	3	-7.50055400e-01	-4.00489100e-07	1.87284847e+06
7.21760187e+02	2023-03-16T18:04:12.559853	8.47127700e-05	2.47694900e-05	3.42004498e+00	-9.99016700e-02	-2.47436800e-05	4.03746209e+03	3	-7.00142600e-01	-2.22557600e-07	3.14589392e+06
7.22427135e+02	2023-03-16T18:04:13.226900	5.96077600e-05	2.65212500e-05	2.24754716e+00	-9.99441800e-02	-2.65085300e-05	3.77026489e+03	3	-6.49879500e-01	-5.65659200e-08	1.14888877e+07
7.23099143e+02	2023-03-16T18:04:13.898948	8.47072500e-05	2.90146500e-05	2.91946482e+00	-9.99254200e-02	-2.88985200e-05	3.45780407e+03	3	-5.99734600e-01	4.01164900e-08	-1.49498274e+07
7.24118038e+02	2023-03-16T18:04:14.918020	7.63432700e-05	3.12827000e-05	2.44043097e+00	-9.99652200e-02	-3.11189500e-05	3.21235839e+03	3	-5.50069300e-01	-1.29916800e-07	4.23401208e+06
7.24802213e+02	2023-03-16T18:04:15.602068	5.96071300e-05	3.21662700e-05	1.85309425e+00	-9.99157000e-02	-3.19340900e-05	3.12881000e+03	3	-4.99796100e-01	4.20970900e-08	-1.18724620e+07
7.25474242e+02	2023-03-16T18:04:16.274116	7.63425300e-05	3.12147800e-05	2.44571738e+00	-9.99254200e-02	-3.13083800e-05	3.19165093e+03	3	-4.50034500e-01	-2.17082300e-08	2.07310545e+07
7.26333384e+02	2023-03-16T18:04:17.133176	7.63410700e-05	2.89759000e-05	2.63464017e+00	-9.99478100e-02	-2.88982300e-05	3.45861356e+03	3	-4.00022000e-01	-2.12372700e-08	1.88358485e+07
7.27192951e+02	2023-03-16T18:04:17.993237	8.47088300e-05	2.46043800e-05	3.44283538e+00	-9.99555000e-02	-2.45303200e-05	4.07477359e+03	3	-3.49949400e-01	-7.85601000e-08	4.45454372e+06
7.27724424e+02	2023-03-16T18:04:18.524275	8.47104100e-05	1.85780900e-05	4.55969424e+00	-9.98919600e-02	-1.85978800e-05	5.37114768e+03	3	-3.00053100e-01	-5.80055600e-08	5.17283343e+06
7.28396011e+02	2023-03-16T18:04:19.196322	6.79734300e-05	1.26282700e-05	5.38263990e+00	-9.99150200e-02	-1.25465300e-05	7.96355805e+03	3	-2.50048800e-01	4.81731000e-08	-5.19063129e+06
7.29256132e+02	2023-03-16T18:04:20.056383	6.79747800e-05	7.45767500e-06	9.11474152e+00	-9.99163700e-02	-7.40291400e-06	1.34968973e+04	3	-1.99995800e-01	-1.03093700e-09	1.93994201e+08
7.30146011e+02	2023-03-16T18:04:20.946446	5.12418500e-05	3.67794300e-06	1.39322034e+01	-9.99407900e-02	-3.65214300e-06	2.73649717e+04	3	-1.49835100e-01	4.39176000e-09	-3.41173243e+07
7.31302359e+02	2023-03-16T18:04:22.102527	6.79754600e-05	1.53866900e-06	4.41780916e+01	-9.99407900e-02	-1.59509500e-06	6.26550707e+04	3	-1.00240900e-01	9.81827200e-09	-1.02096275e+07
7.32161741e+02	2023-03-16T18:04:22.961588	7.63418000e-05	4.92007800e-07	1.55163800e+02	-9.99652200e-02	-5.35140600e-07	1.86801786e+05	3	-4.99852800e-02	1.30000000e-08	-3.84502154e+06
7.33021218e+02	2023-03-16T18:04:23.821649	-1.56951400e-05	8.99457900e-08	-1.74495549e+02	-9.99491700e-02	-1.40233000e-07	7.12736446e+05	3	2.37624200e-04	3.93670000e-10	6.03612671e+05
7.34224403e+02	2023-03-16T18:04:25.024734	8.47112000e-05	5.83725100e-08	1.45121736e+03	-9.99331100e-02	-3.50777100e-08	2.84890633e+06	3	4.94059300e-02	-8.79828700e-08	-5.61540332e+05
7.35319979e+02	2023-03-16T18:04:26.119812	7.63418000e-05	-2.12276900e-08	-3.59633102e+03	-9.99066600e-02	-2.18462000e-08	4.57318252e+06	3	1.00307800e-01	-2.35040000e-08	-4.26769061e+06
7.36412439e+02	2023-03-16T18:04:27.212888	-7.42655600e-05	-1.91857800e-08	3.87086478e+03	-9.99407900e-02	-1.72730600e-08	5.78593428e+06	3	1.49974900e-01	1.23705100e-07	1.21235826e+06
7.37353208e+02	2023-03-16T18:04:28.153955	-1.74671100e-04	-2.27864500e-08	7.66556879e+03	-9.99833000e-02	-1.69065400e-08	5.91388303e+06	3	2.00444800e-01	1.33289400e-07	1.50383151e+06
7.38083424e+02	2023-03-16T18:04:28.884006	5.96090000e-05	-3.56348300e-08	-1.67277352e+03	-9.99324300e-02	-1.60646200e-08	6.22065321e+06	3	2.49482100e-01	-1.60111400e-07	-1.55817824e+06
7.38833674e+02	2023-03-16T18:04:29.634059	1.60010800e-04	-1.83549100e-08	-8.71760199e+03	-9.99066600e-02	-1.69566100e-08	5.89190056e+06	3	3.00263900e-01	2.72894300e-07	1.10029378e+06
7.39584393e+02	2023-03-16T18:04:30.385112	-1.49572000e-04	-3.16608000e-08	4.72420154e+03	-9.99729000e-02	-2.36840100e-08	4.22111374e+06	3	3.50543200e-01	-1.53434600e-07	-2.28464245e+06
7.40677454e+02	2023-03-16T18:04:31.478189	3.02253700e-04	-3.80369100e-08	-7.94632634e+03	-9.99742500e-02	-4.41868600e-08	2.26253348e+06	3	3.99343300e-01	1.85412800e-07	2.15380653e+06
7.41630350e+02	2023-03-16T18:04:32.430257	3.35719600e-04	-1.28378100e-08	-2.61508466e+04	-9.98822500e-02	-7.01846200e-08	1.42313587e+06	3	4.50601500e-01	2.61167600e-07	1.72533461e+06
7.42526088e+02	2023-03-16T18:04:33.326320	-3.25279800e-04	-3.54825800e-08	9.16730971e+03	-9.99561800e-02	-1.02523500e-07	9.74958717e+05	3	5.00095400e-01	2.78477600e-07	1.79581913e+06
7.43260434e+02	2023-03-16T18:04:34.060372	1.43279200e-04	-6.53946800e-08	-2.19099168e+03	-9.99421500e-02	-1.03165400e-07	9.68756482e+05	3	5.49773000e-01	-9.91661900e-08	-5.54395606e+06
7.44508900e+02	2023-03-16T18:04:35.309460	2.01851900e-04	-6.08437500e-08	-3.31754535e+03	-9.99080100e-02	-1.28407600e-07	7.78053713e+05	3	5.99561100e-01	7.54518400e-08	7.94627540e+06
7.45569535e+02	2023-03-16T18:04:36.369536	5.12418500e-05	-1.71338900e-07	-2.99067229e+02	-9.98976100e-02	-1.43416400e-07	6.96556391e+05	3	6.49737600e-01	8.71938200e-08	7.45164738e+06
7.46286642e+02	2023-03-16T18:04:37.086585	1.51643800e-04	-1.63530800e-07	-9.27310329e+02	-9.99093600e-02	-1.61999100e-07	6.16727871e+05	3	6.99591500e-01	1.26702700e-07	5.52152006e+06
7.47364796e+02	2023-03-16T18:04:38.165662	8.47119800e-05	-1.67158100e-07	-5.06777596e+02	-9.99150200e-02	-1.79726000e-07	5.55929693e+05	3	7.49932400e-01	4.16938200e-07	1.79866561e+06
7.48086234e+02	2023-03-16T18:04:38.886713	1.09809900e-04	-1.80518600e-07	-6.08302413e+02	-9.98892600e-02	-2.02242100e-07	4.93909329e+05	3	7.99801400e-01	4.09391100e-07	1.95363651e+06
7.48819524e+02	2023-03-16T18:04:39.619764	1.60013400e-04	-1.58501900e-07	-1.00953616e+03	-9.99826300e-02	-2.26757500e-07	4.40923145e+05	3	8.49995700e-01	2.94605200e-07	2.88520264e+06
7.49536740e+02	2023-03-16T18:04:40.336815	1.51646300e-04	-1.93773900e-07	-7.82594044e+02	-1.00000000e-01	-2.51953700e-07	3.96898319e+05	3	8.99868100e-01	3.66694800e-07	2.45399744e+06
7.50255496e+02	2023-03-16T18:04:41.055866	7.63396100e-05	-2.25670300e-07	-3.38279384e+02	-9.99491700e-02	-2.79424400e-07	3.57696644e+05	3	9.50171200e-01	4.88751100e-07	1.94407992e+06
7.50959972e+02	2023-03-16T18:04:41.760916	1.51645100e-04	-2.59907300e-07	-5.83458410e+02	-9.99484900e-02	-3.08196100e-07	3.24301605e+05	3	1.00049700e+00	5.15769600e-07	1.93981382e+06