Time elapsed	Time stamp	source_Bioprobe Voltage	source_Bioprobe Current	source_Bioprobe Resistance	trans_drain Voltage	trans_drain Current	trans_drain Resistance	Loop1 Index	trans_gate Voltage	trans_gate Current	trans_gate Resistance
s		V	A	V/A	V	A	V/A		V	A	V/A

2.46695147e+02	2023-04-13T14:05:42.364250	9.30767000e-05	-2.45279100e-08	-3.79472609e+03	-9.99254200e-02	-4.52953600e-08	2.20608513e+06	1	1.50021000e+00	7.89262400e-08	1.90077470e+07
2.47434697e+02	2023-04-13T14:05:43.104297	9.30792300e-05	-7.87569500e-09	-1.18185417e+04	-9.97972300e-02	-4.63867600e-08	2.15141627e+06	1	1.45025900e+00	5.18613400e-08	2.79641637e+07
2.48352526e+02	2023-04-13T14:05:44.021355	1.09811800e-04	-6.45912300e-09	-1.70010387e+04	-9.98153200e-02	-4.18081200e-08	2.38746253e+06	1	1.40022800e+00	7.65848700e-08	1.82833502e+07
2.49085556e+02	2023-04-13T14:05:44.754402	1.03812600e-06	-1.04958800e-09	-9.89079525e+02	-1.00066300e-01	-2.91671400e-08	3.43078889e+06	1	1.35017100e+00	4.56031300e-08	2.96069809e+07
2.49819741e+02	2023-04-13T14:05:45.489448	3.45062200e-05	-3.75576600e-09	-9.18753192e+03	-1.00065600e-01	-1.08423800e-08	9.22911759e+06	1	1.30039100e+00	2.95178900e-08	4.40543345e+07
2.50741736e+02	2023-04-13T14:05:46.410506	1.03812600e-06	-1.07444000e-09	-9.66201928e+02	-1.00041200e-01	-7.57448500e-09	1.32076570e+07	1	1.25054500e+00	2.66428900e-08	4.69372880e+07
2.51663567e+02	2023-04-13T14:05:47.332565	9.40447700e-06	1.36983400e-09	6.86541362e+03	-1.00025100e-01	-8.76019700e-09	1.14181336e+07	1	1.20041400e+00	2.73081800e-08	4.39580375e+07
2.52586429e+02	2023-04-13T14:05:48.255624	3.45057800e-05	3.50581500e-09	9.84244177e+03	-1.00131200e-01	-4.27714500e-09	2.34107565e+07	1	1.15006700e+00	2.74316200e-08	4.19248663e+07
2.53507242e+02	2023-04-13T14:05:49.176682	2.61400500e-05	6.05142500e-09	4.31965198e+03	-1.00064900e-01	-4.19733600e-09	2.38400976e+07	1	1.09997700e+00	2.13593800e-08	5.14985454e+07
2.54429424e+02	2023-04-13T14:05:50.098742	4.28747200e-05	7.24535100e-09	5.91754906e+03	-9.98508100e-02	-5.55200600e-09	1.79846365e+07	1	1.04997900e+00	1.34532300e-08	7.80466104e+07
2.55352654e+02	2023-04-13T14:05:51.021799	1.18177900e-04	5.68000800e-09	2.08059390e+04	-9.97798400e-02	-4.24563700e-09	2.35017360e+07	1	9.99987000e-01	-1.47216600e-08	-6.79262393e+07
2.56116836e+02	2023-04-13T14:05:51.785848	1.51646300e-04	2.94677000e-09	5.14618718e+04	-9.97484100e-02	7.96400900e-09	-1.25248992e+07	1	9.50254500e-01	-1.72149400e-08	-5.51994082e+07
2.57038553e+02	2023-04-13T14:05:52.707907	1.68379100e-04	1.19272100e-09	1.41172244e+05	-9.98126200e-02	1.35818700e-08	-7.34896005e+06	1	9.00270500e-01	-1.62289000e-08	-5.54732915e+07
2.57960621e+02	2023-04-13T14:05:53.629965	1.26546100e-04	6.29488200e-10	2.01030138e+05	-9.99923400e-02	1.90667000e-08	-5.24434433e+06	1	8.50347400e-01	-1.26104700e-08	-6.74318562e+07
2.58897990e+02	2023-04-13T14:05:54.567024	1.09811800e-04	1.88548700e-09	5.82405501e+04	-9.97239800e-02	1.23547300e-08	-8.07172476e+06	1	8.00271600e-01	-2.11844500e-08	-3.77763690e+07
2.59819892e+02	2023-04-13T14:05:55.489083	1.43276800e-04	1.99609600e-10	7.17785117e+05	-9.99582100e-02	1.70183800e-08	-5.87354437e+06	1	7.50328900e-01	-1.79005000e-08	-4.19166448e+07
2.60742221e+02	2023-04-13T14:05:56.411141	9.30758600e-05	9.88267800e-10	9.41808081e+04	-1.00015400e-01	2.05924000e-08	-4.85690837e+06	1	7.00359500e-01	-1.28609100e-08	-5.44564498e+07
2.61663569e+02	2023-04-13T14:05:57.333200	1.77722900e-05	4.14552000e-09	4.28710753e+03	-1.00055900e-01	1.66665100e-08	-6.00341043e+06	1	6.50303200e-01	-8.50071600e-09	-7.64998148e+07
2.62585563e+02	2023-04-13T14:05:58.255259	3.45075800e-05	1.14007000e-08	3.02679485e+03	-1.00137500e-01	1.52787600e-08	-6.55403318e+06	1	6.00330700e-01	-4.81105800e-08	-1.24781431e+07
2.63507278e+02	2023-04-13T14:05:59.176317	5.96077600e-05	2.45104700e-08	2.43193052e+03	-1.00033500e-01	1.53009300e-08	-6.53773986e+06	1	5.50276900e-01	-1.64767600e-08	-3.33971545e+07
2.64444880e+02	2023-04-13T14:06:00.114377	1.09812800e-04	1.46731500e-07	7.48392813e+02	-9.99310800e-02	-8.05851500e-07	1.24006818e+05	1	4.99931500e-01	-1.11742600e-08	-4.47395622e+07
2.65819876e+02	2023-04-13T14:06:01.489463	4.28726800e-05	2.81259300e-06	1.52431155e+01	-9.99233900e-02	-3.50464600e-06	2.85116928e+04	1	4.50032700e-01	-3.96764800e-09	-1.13425561e+08
2.66835499e+02	2023-04-13T14:06:02.504528	7.63425300e-05	1.05728000e-05	7.22065394e+00	-9.99401200e-02	-2.10074900e-05	4.75735654e+03	1	3.99982300e-01	-5.01424600e-09	-7.97691816e+07
2.67976113e+02	2023-04-13T14:06:03.645600	7.63418000e-05	3.81861200e-05	1.99920285e+00	-9.99568600e-02	-4.00963300e-05	2.49291793e+03	1	3.50026900e-01	-6.34639800e-09	-5.51536320e+07
2.68835492e+02	2023-04-13T14:06:04.504655	1.01445600e-04	8.04235900e-05	1.26139109e+00	-9.99324300e-02	-8.45849700e-05	1.18144429e+03	1	2.99983900e-01	-8.14279600e-09	-3.68404047e+07
2.69976447e+02	2023-04-13T14:06:05.645728	4.28711700e-05	1.21072400e-04	3.54095318e-01	-9.98892600e-02	-1.23956200e-04	8.05843193e+02	1	2.50027500e-01	-1.04913300e-08	-2.38318211e+07
2.70835523e+02	2023-04-13T14:06:06.504783	6.79747800e-05	1.68295200e-04	4.03902072e-01	-9.99093600e-02	-1.71120600e-04	5.83853493e+02	1	1.99957300e-01	-1.30722600e-08	-1.52963068e+07
2.71694863e+02	2023-04-13T14:06:07.363836	7.63410700e-05	2.14577700e-04	3.55773550e-01	-9.99407900e-02	-2.17610900e-04	4.59263713e+02	1	1.50068000e-01	-1.64070000e-08	-9.14658378e+06
2.72576526e+02	2023-04-13T14:06:08.245893	1.01446500e-04	2.58200100e-04	3.92898763e-01	-9.98906000e-02	-2.60769900e-04	3.83060315e+02	1	1.00080600e-01	-5.83272800e-08	-1.71584548e+06
2.73242330e+02	2023-04-13T14:06:08.911935	6.79734300e-05	2.95426500e-04	2.30085757e-01	-9.98815700e-02	-2.97753300e-04	3.35450757e+02	1	4.98666500e-02	-3.68301600e-08	-1.35396235e+06
2.74102540e+02	2023-04-13T14:06:09.771989	1.09809000e-04	3.30417500e-04	3.32334092e-01	-9.99548200e-02	-3.32322500e-04	3.00776565e+02	1	-1.55523800e-04	-3.66350500e-08	4.24521872e+03
2.74960501e+02	2023-04-13T14:06:10.630044	8.47080500e-05	3.60458700e-04	2.35000709e-01	-9.99304000e-02	-3.62037200e-04	2.76022464e+02	1	-5.01947400e-02	-3.65273300e-08	1.37416942e+06
2.75820745e+02	2023-04-13T14:06:11.490098	8.47119800e-05	3.85333400e-04	2.19840741e-01	-9.99080100e-02	-3.86663400e-04	2.58384967e+02	1	-1.00081300e-01	-3.69431700e-08	2.70906097e+06
2.76679239e+02	2023-04-13T14:06:12.349152	1.01444700e-04	4.05257800e-04	2.50321400e-01	-9.99652200e-02	-4.06212400e-04	2.46091011e+02	1	-1.50055600e-01	-3.66412800e-08	4.09526086e+06
2.77538653e+02	2023-04-13T14:06:13.208207	1.01443800e-04	4.20413000e-04	2.41295583e-01	-9.99414700e-02	-4.21044200e-04	2.37365744e+02	1	-2.00020900e-01	-3.66644800e-08	5.45544080e+06
2.78398011e+02	2023-04-13T14:06:14.067262	7.63418000e-05	4.29749100e-04	1.77642722e-01	-9.99100300e-02	-4.30712600e-04	2.31964493e+02	1	-2.50000200e-01	-3.78879400e-08	6.59841100e+06
2.79437750e+02	2023-04-13T14:06:15.107328	1.09810900e-04	4.39031600e-04	2.50120720e-01	-9.99394500e-02	-4.39060700e-04	2.27621033e+02	1	-2.99898200e-01	-6.08728900e-08	4.92662990e+06
2.80102650e+02	2023-04-13T14:06:15.772370	7.63410700e-05	4.42993000e-04	1.72330195e-01	-9.99387700e-02	-4.42868100e-04	2.25662607e+02	1	-3.49882500e-01	-4.52489900e-08	7.73238253e+06
2.81117466e+02	2023-04-13T14:06:16.786435	9.30767000e-05	4.44913900e-04	2.09201601e-01	-9.99337800e-02	-4.44650500e-04	2.24746807e+02	1	-3.99907900e-01	-5.53746600e-08	7.22185743e+06
2.81788191e+02	2023-04-13T14:06:17.457477	8.47096200e-05	4.44830500e-04	1.90431232e-01	-9.99310800e-02	-4.44416200e-04	2.24859220e+02	1	-4.49886200e-01	-7.31403300e-08	6.15100041e+06
2.82473008e+02	2023-04-13T14:06:18.142521	8.47112000e-05	4.43310200e-04	1.91087866e-01	-9.99170500e-02	-4.42830300e-04	2.25632821e+02	1	-4.99970200e-01	-9.24971200e-08	5.40525154e+06
2.83164742e+02	2023-04-13T14:06:18.834564	6.79727500e-05	4.40493300e-04	1.54310520e-01	-9.99304000e-02	-4.39784400e-04	2.27225886e+02	1	-5.49902000e-01	-6.42459000e-08	8.55933219e+06
2.83852580e+02	2023-04-13T14:06:19.521607	6.79741100e-05	4.36536500e-04	1.55712317e-01	-9.99381000e-02	-4.35921400e-04	2.29257155e+02	1	-5.99973400e-01	-9.27026600e-08	6.47201925e+06
2.84522377e+02	2023-04-13T14:06:20.191650	8.47088300e-05	4.31903900e-04	1.96128884e-01	-9.99568600e-02	-4.31189100e-04	2.31816760e+02	1	-6.49854800e-01	-5.66052400e-08	1.14804707e+07
2.85194509e+02	2023-04-13T14:06:20.863694	1.01445600e-04	4.26654900e-04	2.37769682e-01	-9.99491700e-02	-4.25810300e-04	2.34726990e+02	1	-7.00012400e-01	-1.00154600e-07	6.98931851e+06
2.85881847e+02	2023-04-13T14:06:21.551737	8.47088300e-05	4.21233200e-04	2.01097231e-01	-9.99582100e-02	-4.20524300e-04	2.37699010e+02	1	-7.49891500e-01	-7.00134700e-08	1.07106747e+07
2.86555460e+02	2023-04-13T14:06:22.224780	9.30750000e-05	4.15954400e-04	2.23762509e-01	-9.99407900e-02	-4.15239600e-04	2.40682223e+02	1	-7.99965300e-01	-1.25534300e-07	6.37248386e+06
2.87214183e+02	2023-04-13T14:06:22.883821	7.63410700e-05	4.13974700e-04	1.84409989e-01	-9.99233900e-02	-4.13502800e-04	2.41651060e+02	1	-7.99920400e-01	-9.92559700e-08	8.05916662e+06
2.87444250e+02	2023-04-13T14:06:23.113836	8.47072500e-05	4.16840500e-04	2.03212620e-01	-9.99484900e-02	-4.16788500e-04	2.39806257e+02	1	-7.49819600e-01	-5.89934900e-08	1.27102092e+07
2.88132782e+02	2023-04-13T14:06:23.801880	1.09811800e-04	4.20804100e-04	2.60957058e-01	-9.99652200e-02	-4.20763900e-04	2.37580315e+02	1	-7.00007600e-01	-7.53426100e-08	9.29099218e+06
2.88809248e+02	2023-04-13T14:06:24.478922	7.63410700e-05	4.24933100e-04	1.79654327e-01	-9.99331100e-02	-4.25037800e-04	2.35115818e+02	1	-6.50113300e-01	-4.43961400e-08	1.46434645e+07
2.89665009e+02	2023-04-13T14:06:25.334977	1.01444700e-04	4.28857900e-04	2.36546185e-01	-9.99247400e-02	-4.28891400e-04	2.32983781e+02	1	-6.00173600e-01	-3.81062600e-08	1.57500001e+07
2.90522519e+02	2023-04-13T14:06:26.192031	9.30758600e-05	4.32659400e-04	2.15125015e-01	-9.99568600e-02	-4.32782600e-04	2.30963213e+02	1	-5.50152900e-01	-2.35546200e-08	2.33564753e+07
2.91397032e+02	2023-04-13T14:06:27.066087	6.79741100e-05	4.36348500e-04	1.55779406e-01	-9.99254200e-02	-4.36392400e-04	2.28980661e+02	1	-5.00072300e-01	-1.28666300e-08	3.88658336e+07
2.92102243e+02	2023-04-13T14:06:27.772132	1.01442000e-04	4.39649500e-04	2.30733800e-01	-9.99317600e-02	-4.39621600e-04	2.27313126e+02	1	-4.50071800e-01	-6.75128700e-09	6.66645930e+07
2.92960152e+02	2023-04-13T14:06:28.630186	9.30783900e-05	4.41972600e-04	2.10597648e-01	-9.99715500e-02	-4.41873200e-04	2.26244882e+02	1	-4.00019000e-01	-3.65319200e-10	1.09498488e+09
2.93819464e+02	2023-04-13T14:06:29.489241	7.63418000e-05	4.43204300e-04	1.72249683e-01	-9.99247400e-02	-4.43033300e-04	2.25546793e+02	1	-3.49970800e-01	5.59101700e-09	-6.25951951e+07
2.94678679e+02	2023-04-13T14:06:30.348295	8.47096200e-05	4.43280700e-04	1.91097018e-01	-9.99150200e-02	-4.43006900e-04	2.25538293e+02	1	-2.99979800e-01	1.08416900e-08	-2.76690996e+07
2.95538026e+02	2023-04-13T14:06:31.207349	6.79761400e-05	4.41920400e-04	1.53819873e-01	-9.99387700e-02	-4.41577100e-04	2.26322357e+02	1	-2.49950100e-01	1.52885200e-08	-1.63488748e+07
2.96399485e+02	2023-04-13T14:06:32.069306	9.30750000e-05	4.38947800e-04	2.12041158e-01	-9.99080100e-02	-4.38441200e-04	2.27870944e+02	1	-1.99915100e-01	1.91696700e-08	-1.04287189e+07
2.97256997e+02	2023-04-13T14:06:32.926477	7.63418000e-05	4.34110800e-04	1.75857869e-01	-9.99568600e-02	-4.33389500e-04	2.30639782e+02	1	-1.49887300e-01	2.19246500e-08	-6.83647401e+06
2.98116181e+02	2023-04-13T14:06:33.785531	1.01442000e-04	4.26799500e-04	2.37680691e-01	-9.99247400e-02	-4.25956500e-04	2.34589072e+02	1	-9.97551100e-02	2.27701500e-08	-4.38095972e+06
2.98975633e+02	2023-04-13T14:06:34.645586	6.79747800e-05	4.16541800e-04	1.63188376e-01	-9.99568600e-02	-4.15371400e-04	2.40644541e+02	1	-4.97751400e-02	2.21732500e-08	-2.24482834e+06
2.99834972e+02	2023-04-13T14:06:35.504641	7.63440100e-05	4.02201700e-04	1.89815234e-01	-9.99582100e-02	-4.00685200e-04	2.49468186e+02	1	2.62720500e-04	1.99906500e-08	1.31421690e+04
3.00694868e+02	2023-04-13T14:06:36.364695	8.47104100e-05	3.82394200e-04	2.21526399e-01	-9.99324300e-02	-3.80461300e-04	2.62661222e+02	1	5.03260600e-02	1.73308700e-08	2.90383922e+06
3.01554136e+02	2023-04-13T14:06:37.223750	9.30750000e-05	3.56059000e-04	2.61403307e-01	-9.99421500e-02	-3.53599000e-04	2.82642626e+02	1	1.00205400e-01	1.55704600e-08	6.43560948e+06
3.02428709e+02	2023-04-13T14:06:38.098805	9.30767000e-05	3.22251300e-04	2.88832659e-01	-9.99261000e-02	-3.19349500e-04	3.12905140e+02	1	1.50081700e-01	9.69163600e-09	1.54856930e+07
3.03288084e+02	2023-04-13T14:06:38.957859	9.30767000e-05	2.81419300e-04	3.30740287e-01	-9.99428300e-02	-2.78093300e-04	3.59385969e+02	1	2.00056000e-01	1.07432900e-08	1.86214837e+07
3.04147416e+02	2023-04-13T14:06:39.816914	1.01444700e-04	2.34107500e-04	4.33325289e-01	-9.99582100e-02	-2.30518200e-04	4.33623939e+02	1	2.50022500e-01	1.32502800e-08	1.88692239e+07
3.05006732e+02	2023-04-13T14:06:40.675968	6.79734300e-05	1.81965700e-04	3.73550785e-01	-9.99498300e-02	-1.78111500e-04	5.61164383e+02	1	3.00009000e-01	4.20085500e-08	7.14161760e+06
3.05867256e+02	2023-04-13T14:06:41.537023	8.47072500e-05	1.28132200e-04	6.61092606e-01	-9.99184000e-02	-1.24334700e-04	8.03624411e+02	1	3.50102200e-01	4.91840300e-08	7.11820890e+06
3.06725617e+02	2023-04-13T14:06:42.395077	8.47088300e-05	7.79535000e-05	1.08665846e+00	-9.99555000e-02	-7.47357600e-05	1.33745211e+03	1	4.00130200e-01	5.05158000e-08	7.92089208e+06
3.07585052e+02	2023-04-13T14:06:43.255132	9.30775400e-05	3.31066900e-05	2.81144204e+00	-9.99575300e-02	-3.00830200e-05	3.32272259e+03	1	4.50104200e-01	4.64091000e-08	9.69861945e+06
3.08725660e+02	2023-04-13T14:06:44.395205	8.47096200e-05	1.29665700e-05	6.53292428e+00	-9.98912800e-02	-1.20410000e-05	8.29592891e+03	1	5.00226000e-01	4.68416200e-08	1.06790927e+07
3.09584990e+02	2023-04-13T14:06:45.254259	5.12401700e-05	2.40107800e-06	2.13404854e+01	-9.99645400e-02	-1.91451300e-06	5.22140826e+04	1	5.50053800e-01	2.58806600e-08	2.12534688e+07
3.10741227e+02	2023-04-13T14:06:46.411333	7.63396100e-05	1.47443300e-07	5.17755707e+02	-9.99735800e-02	-1.11641500e-07	8.95487610e+05	1	6.00012800e-01	2.07474100e-08	2.89198893e+07
3.11944346e+02	2023-04-13T14:06:47.614409	5.12407300e-05	-8.74473600e-09	-5.85960857e+03	-9.97832000e-02	-1.39380200e-08	7.15906563e+06	1	6.50127100e-01	4.67364800e-08	1.39104849e+07
3.13225460e+02	2023-04-13T14:06:48.895490	1.18175900e-04	-8.95257700e-09	-1.32002104e+04	-9.97845500e-02	-2.21056600e-08	4.51398194e+06	1	7.00006700e-01	4.58013300e-08	1.52835453e+07
3.14150061e+02	2023-04-13T14:06:49.819549	1.43280400e-04	-8.82122800e-09	-1.62426819e+04	-9.97142600e-02	-2.10164100e-08	4.74459054e+06	1	7.49944100e-01	4.94390700e-09	1.51690576e+08
3.15069556e+02	2023-04-13T14:06:50.739607	1.26547200e-04	-1.14206800e-08	-1.10805311e+04	-9.97979100e-02	-1.97916400e-08	5.04242751e+06	1	8.00260900e-01	4.14487200e-09	1.93072524e+08
3.15991029e+02	2023-04-13T14:06:51.660665	1.43278000e-04	-1.44473400e-08	-9.91725813e+03	-9.99498300e-02	-1.59857700e-08	6.25242513e+06	1	8.50369400e-01	9.07428900e-09	9.37119591e+07
3.16912951e+02	2023-04-13T14:06:52.582724	9.30775400e-05	-1.54618200e-08	-6.01983078e+03	-1.00049500e-01	-1.35282600e-08	7.39559263e+06	1	9.00566200e-01	2.64868800e-08	3.40004636e+07
3.17679334e+02	2023-04-13T14:06:53.348773	5.12429800e-05	-1.21862900e-08	-4.20496968e+03	-1.00117100e-01	-2.20767900e-08	4.53494824e+06	1	9.50369500e-01	3.56203700e-08	2.66805061e+07
3.18601917e+02	2023-04-13T14:06:54.271831	3.45066800e-05	-9.79270600e-09	-3.52371244e+03	-1.00074000e-01	-2.55827800e-08	3.91177190e+06	1	9.99955100e-01	3.48536200e-08	2.86901361e+07
3.19522740e+02	2023-04-13T14:06:55.192890	1.03925400e-06	-9.47941900e-09	-1.09632668e+02	-9.99575300e-02	-3.24228800e-08	3.08293187e+06	1	1.04991400e+00	3.78855200e-08	2.77128043e+07
3.20444356e+02	2023-04-13T14:06:56.113948	2.61392600e-05	-9.74699100e-09	-2.68177738e+03	-1.00124800e-01	-2.95498000e-08	3.38834104e+06	1	1.09998600e+00	4.59308700e-08	2.39487299e+07
3.21397134e+02	2023-04-13T14:06:57.067009	4.28726800e-05	-1.40492200e-08	-3.05160571e+03	-1.00048200e-01	-3.16943400e-08	3.15665826e+06	1	1.15035800e+00	4.21623300e-08	2.72840234e+07
3.22319290e+02	2023-04-13T14:06:57.989067	-3.24295200e-05	-1.31107700e-08	2.47350232e+03	-1.00083700e-01	-4.51365200e-08	2.21735526e+06	1	1.20017300e+00	6.04463000e-08	1.98551938e+07
3.23397492e+02	2023-04-13T14:06:59.067136	2.61404400e-05	-1.59494200e-08	-1.63895866e+03	-9.99407900e-02	-6.81602700e-08	1.46626165e+06	1	1.25016000e+00	5.76752900e-08	2.16758338e+07
3.24335156e+02	2023-04-13T14:07:00.005196	7.63418000e-05	-1.87249200e-08	-4.07701608e+03	-9.99582100e-02	-6.94418000e-08	1.43945304e+06	1	1.30019900e+00	6.37218500e-08	2.04042883e+07
3.25069316e+02	2023-04-13T14:07:00.739242	1.09811800e-04	-1.80523700e-08	-6.08295753e+03	-1.00007000e-01	-8.85372400e-08	1.12954730e+06	1	1.35015300e+00	9.04357600e-08	1.49294151e+07
3.25663123e+02	2023-04-13T14:07:01.333279	4.28732000e-05	-2.08712900e-08	-2.05417106e+03	-9.99672400e-02	-8.41964600e-08	1.18730930e+06	1	1.40026100e+00	9.50951600e-08	1.47248398e+07
3.26397384e+02	2023-04-13T14:07:02.067326	7.63432700e-05	-2.72536900e-08	-2.80120857e+03	-9.99157000e-02	-9.19666000e-08	1.08643464e+06	1	1.45017400e+00	9.16154700e-08	1.58289206e+07
3.27131801e+02	2023-04-13T14:07:02.801372	7.63425300e-05	-2.83442800e-08	-2.69340163e+03	-9.98815700e-02	-1.15503700e-07	8.64747796e+05	1	1.50020700e+00	1.22483000e-07	1.22482875e+07