Time elapsed	Time stamp	Source Voltage	Source Current	Drain Voltage	Drain Current	Loop1 Index	Gate Voltage	Gate Current
s		V	A	V	A		V	A

1.15485140e+00	23-05-15 16:46:56	6.69487100e-05	-1.43413500e-08	-4.99927900e-01	-1.29351100e-07	1	1.50014800e+00	1.14858500e-07
3.95239920e+00	23-05-15 16:46:59	6.90400500e-05	-9.19094700e-10	-4.99927900e-01	-9.58898700e-08	1	1.45015900e+00	9.58047600e-08
5.32736110e+00	23-05-15 16:47:00	6.91236000e-05	2.86433900e-10	-4.99926900e-01	-7.75544800e-08	1	1.40014700e+00	7.73479100e-08
6.70235540e+00	23-05-15 16:47:02	6.95417900e-05	2.18667700e-10	-4.99926500e-01	-6.55825100e-08	1	1.35013400e+00	6.40869800e-08
8.07735420e+00	23-05-15 16:47:03	6.86218000e-05	5.53617400e-10	-4.99926400e-01	-5.20138700e-08	1	1.30017200e+00	5.13518400e-08
9.45240950e+00	23-05-15 16:47:04	6.94581800e-05	1.06275900e-09	-4.99925500e-01	-4.10197500e-08	1	1.25018400e+00	4.09006700e-08
1.08273200e+01	23-05-15 16:47:06	6.90402200e-05	1.46103100e-09	-4.99928600e-01	-3.17936300e-08	1	1.20016800e+00	3.17736900e-08
1.25148954e+01	23-05-15 16:47:07	6.94582700e-05	1.97387300e-09	-4.99928300e-01	-2.43662200e-08	1	1.15017900e+00	2.40199900e-08
1.39427101e+01	23-05-15 16:47:09	6.93745700e-05	2.72408900e-09	-4.99928200e-01	-1.87784200e-08	1	1.10014600e+00	1.82482800e-08
1.53584593e+01	23-05-15 16:47:10	6.92072800e-05	3.62915700e-09	-4.99927400e-01	-1.48083000e-08	1	1.05013400e+00	1.36187700e-08
1.67818866e+01	23-05-15 16:47:12	6.97092100e-05	5.64406000e-09	-4.99926100e-01	-1.32538300e-08	1	1.00016800e+00	1.01770400e-08
1.82046969e+01	23-05-15 16:47:13	7.10476500e-05	1.23909000e-08	-4.99926800e-01	-1.95320400e-08	1	9.50152900e-01	7.83020000e-09
1.96242001e+01	23-05-15 16:47:14	7.00443600e-05	3.68229600e-08	-4.99926600e-01	-4.84537700e-08	1	9.00121900e-01	6.53482500e-09
2.13020836e+01	23-05-15 16:47:16	6.93749200e-05	1.03524200e-07	-4.99926400e-01	-1.14523500e-07	1	8.50133500e-01	5.34995400e-09
2.29522503e+01	23-05-15 16:47:18	6.99604600e-05	1.60543600e-07	-4.99928500e-01	-1.73843500e-07	1	8.00110300e-01	3.87804100e-09
2.43586062e+01	23-05-15 16:47:19	7.28047500e-05	2.36118200e-07	-4.99928200e-01	-2.60179500e-07	1	7.50110400e-01	3.35048000e-09
2.57702481e+01	23-05-15 16:47:21	7.07136100e-05	3.28891000e-07	-4.99929000e-01	-3.49507800e-07	1	7.00150300e-01	2.22416400e-09
2.71709624e+01	23-05-15 16:47:22	7.46451900e-05	4.38906600e-07	-4.99930600e-01	-4.51540100e-07	1	6.50132100e-01	1.99927200e-09
2.85773366e+01	23-05-15 16:47:23	7.09640700e-05	5.70180100e-07	-4.99928300e-01	-5.68508800e-07	1	6.00113000e-01	2.21903000e-09
3.04223294e+01	23-05-15 16:47:25	6.90404300e-05	6.29559100e-07	-4.99927900e-01	-6.41434100e-07	1	5.50119300e-01	1.45622700e-09
3.17820836e+01	23-05-15 16:47:27	6.96257300e-05	7.54081400e-07	-4.99927500e-01	-7.51080300e-07	1	5.00120600e-01	1.41917100e-09
3.31397822e+01	23-05-15 16:47:28	6.97929900e-05	8.70719700e-07	-4.99927400e-01	-9.18341100e-07	1	4.50126800e-01	1.17207200e-09
3.45042131e+01	23-05-15 16:47:29	7.02948800e-05	9.81285200e-07	-4.99927000e-01	-1.10048500e-06	1	4.00150800e-01	-8.48741700e-11
3.58603746e+01	23-05-15 16:47:31	7.11313900e-05	1.20893000e-06	-4.99928200e-01	-1.23872200e-06	1	3.50122500e-01	-2.03987300e-10
3.72181879e+01	23-05-15 16:47:32	6.97093700e-05	1.34401200e-06	-4.99927200e-01	-1.39842700e-06	1	3.00097700e-01	-3.17279500e-10
3.85941807e+01	23-05-15 16:47:33	7.23861500e-05	1.50990800e-06	-4.99928200e-01	-1.47755800e-06	1	2.50110700e-01	-3.79275300e-10
3.99367164e+01	23-05-15 16:47:35	7.25534900e-05	1.60788300e-06	-4.99928200e-01	-1.66240900e-06	1	2.00042800e-01	-4.68337600e-10
4.13009418e+01	23-05-15 16:47:36	7.02951300e-05	1.85816900e-06	-4.99926700e-01	-1.96581700e-06	1	1.50064900e-01	-9.17099900e-10
4.26597629e+01	23-05-15 16:47:37	6.95420600e-05	1.94863200e-06	-4.99928000e-01	-1.92518200e-06	1	1.00064100e-01	-1.06339000e-09
4.40225788e+01	23-05-15 16:47:39	6.98769300e-05	2.07488300e-06	-4.99926900e-01	-2.09362100e-06	1	5.00652400e-02	-1.45263400e-09
4.53747166e+01	23-05-15 16:47:40	7.13825300e-05	2.07273600e-06	-4.99918000e-01	-2.03557300e-06	1	6.70524700e-05	-1.89400800e-09
4.67489574e+01	23-05-15 16:47:42	6.67817700e-05	2.10471400e-06	-4.99928500e-01	-2.02187400e-06	1	-4.99320400e-02	-2.12579600e-09
4.81082993e+01	23-05-15 16:47:43	7.48958600e-05	2.11917500e-06	-4.99925600e-01	-2.48154700e-06	1	-9.99371900e-02	-2.53856600e-09
4.94775768e+01	23-05-15 16:47:44	7.44775800e-05	2.49999200e-06	-4.99926900e-01	-2.56118100e-06	1	-1.49935700e-01	-2.73043100e-09
5.08435025e+01	23-05-15 16:47:46	7.22191200e-05	2.10898000e-06	-4.99928600e-01	-2.17436300e-06	1	-1.99930800e-01	-3.02396900e-09
5.22021857e+01	23-05-15 16:47:47	6.77019700e-05	2.14161800e-06	-4.99925900e-01	-2.37087900e-06	1	-2.49942300e-01	-3.11990000e-09
5.35614048e+01	23-05-15 16:47:48	7.47283300e-05	2.30332500e-06	-4.99930500e-01	-2.22796700e-06	1	-2.99958500e-01	-3.37535900e-09
5.49363730e+01	23-05-15 16:47:50	7.08807200e-05	2.56732900e-06	-4.99928900e-01	-2.54634500e-06	1	-3.49940600e-01	-3.69797700e-09
5.62967024e+01	23-05-15 16:47:51	7.25537600e-05	2.34274800e-06	-4.99931100e-01	-2.69160700e-06	1	-3.99966700e-01	-3.86739300e-09
5.76552276e+01	23-05-15 16:47:52	7.38082400e-05	2.27937400e-06	-4.99928400e-01	-2.43213400e-06	1	-4.49968100e-01	-4.61381300e-09
5.88081844e+01	23-05-15 16:47:54	7.25536000e-05	2.08509000e-06	-4.99933300e-01	-2.15343500e-06	1	-4.99953500e-01	-4.76502900e-09
6.01615353e+01	23-05-15 16:47:55	7.29718600e-05	2.16408500e-06	-4.99929200e-01	-2.12351000e-06	1	-5.49919500e-01	-5.21061700e-09
6.15144704e+01	23-05-15 16:47:56	7.04623000e-05	2.15505200e-06	-4.99927100e-01	-2.16548000e-06	1	-5.99943300e-01	-5.71443300e-09
6.28738419e+01	23-05-15 16:47:58	7.34736700e-05	2.33631800e-06	-4.99921400e-01	-2.28094800e-06	1	-6.49957000e-01	-6.28128300e-09
6.42502978e+01	23-05-15 16:47:59	7.08805800e-05	2.30414500e-06	-4.99929900e-01	-2.33600100e-06	1	-6.99973800e-01	-7.03186800e-09
6.56082286e+01	23-05-15 16:48:00	7.08806100e-05	2.32003300e-06	-4.99926700e-01	-2.22360500e-06	1	-7.49959100e-01	-7.75434900e-09
6.69701351e+01	23-05-15 16:48:02	6.91238600e-05	2.21668300e-06	-4.99930600e-01	-2.24744400e-06	1	-7.99921600e-01	-8.29782300e-09
6.83267524e+01	23-05-15 16:48:03	7.00444200e-05	2.83718100e-06	-4.99931900e-01	-4.15172700e-06	1	-7.99923000e-01	-8.02218100e-09
6.89720012e+01	23-05-15 16:48:04	5.69951900e-05	2.97567300e-06	-4.99947900e-01	-4.36951700e-06	1	-6.99968800e-01	-1.37609100e-09
7.03424770e+01	23-05-15 16:48:05	7.18841900e-05	2.62449200e-06	-4.99924700e-01	-2.10242700e-06	1	-5.99942000e-01	1.37817800e-09
7.17078113e+01	23-05-15 16:48:07	6.73676300e-05	2.88965800e-06	-4.99929900e-01	-2.95390600e-06	1	-4.99952300e-01	2.65306200e-09
7.30687974e+01	23-05-15 16:48:08	7.07132000e-05	2.18495800e-06	-4.99929400e-01	-2.13116900e-06	1	-3.99964200e-01	3.42348500e-09
7.44366222e+01	23-05-15 16:48:09	7.84926500e-05	2.33618900e-06	-4.99925100e-01	-2.24777100e-06	1	-2.99956100e-01	4.07352000e-09
7.58084440e+01	23-05-15 16:48:11	7.17170200e-05	2.26925400e-06	-4.99928400e-01	-2.40307600e-06	1	-1.99929900e-01	4.48875100e-09
7.71573887e+01	23-05-15 16:48:12	7.38918600e-05	2.36894700e-06	-4.99930500e-01	-2.56447400e-06	1	-9.99368200e-02	4.85792500e-09
7.85184481e+01	23-05-15 16:48:13	7.46448100e-05	2.30434300e-06	-4.99927600e-01	-2.34071100e-06	1	6.74708800e-05	5.06023300e-09
7.98736531e+01	23-05-15 16:48:15	7.48120100e-05	2.59244300e-06	-4.99926700e-01	-2.67417100e-06	1	1.00066300e-01	5.17263600e-09
8.12534825e+01	23-05-15 16:48:16	7.02113000e-05	2.07257900e-06	-4.99929700e-01	-2.05008800e-06	1	2.00058000e-01	4.32992700e-09
8.26080086e+01	23-05-15 16:48:17	7.18841900e-05	1.64231100e-06	-4.99928000e-01	-1.53037200e-06	1	3.00098900e-01	3.95416800e-09
8.39752120e+01	23-05-15 16:48:19	7.06294400e-05	1.27773600e-06	-4.99927900e-01	-1.11554800e-06	1	4.00153000e-01	5.52413000e-09
8.53467341e+01	23-05-15 16:48:20	7.12984200e-05	7.54487300e-07	-4.99926900e-01	-7.80534400e-07	1	5.00116800e-01	5.10563200e-09
8.67019264e+01	23-05-15 16:48:22	7.01272800e-05	6.03891100e-07	-4.99927200e-01	-5.81167600e-07	1	6.00113700e-01	1.20658600e-08
8.80610223e+01	23-05-15 16:48:23	7.44775500e-05	3.63442700e-07	-4.99929300e-01	-3.49976400e-07	1	7.00155200e-01	6.49862100e-09
8.99372545e+01	23-05-15 16:48:25	7.28878400e-05	2.15242300e-07	-4.99928500e-01	-1.96606400e-07	1	8.00109600e-01	8.85342300e-09
9.13455392e+01	23-05-15 16:48:26	7.04620700e-05	9.98208500e-08	-4.99928000e-01	-9.15533900e-08	1	9.00123000e-01	1.15365800e-08
9.27495186e+01	23-05-15 16:48:28	7.10476500e-05	1.47785300e-08	-4.99927600e-01	-2.82877000e-08	1	1.00016800e+00	1.48483300e-08
9.47016657e+01	23-05-15 16:48:30	6.72832300e-05	-2.15930200e-09	-4.99928200e-01	-2.59665500e-08	1	1.10014700e+00	2.24065300e-08
9.61234369e+01	23-05-15 16:48:31	6.86215100e-05	-6.69973100e-09	-4.99928000e-01	-3.28614400e-08	1	1.20016700e+00	3.23793800e-08
9.75453818e+01	23-05-15 16:48:32	6.79524700e-05	-6.74870200e-09	-4.99928700e-01	-4.57819300e-08	1	1.30017300e+00	4.65777700e-08
9.89214010e+01	23-05-15 16:48:34	6.81195200e-05	-6.62628600e-09	-4.99926700e-01	-6.40959400e-08	1	1.40014800e+00	6.50343300e-08
1.00531209e+02	23-05-15 16:48:35	6.89559600e-05	-6.68052100e-09	-4.99926700e-01	-8.58294400e-08	1	1.50014700e+00	8.67856800e-08
1.01896703e+02	23-05-15 16:48:37	6.97925900e-05	-2.63211500e-09	-4.99926800e-01	-8.35864000e-08	2	1.50014700e+00	8.57149100e-08
1.02560843e+02	23-05-15 16:48:37	7.05454100e-05	-5.00252500e-11	-4.99926900e-01	-7.05586600e-08	2	1.45015900e+00	7.19661900e-08
1.03943633e+02	23-05-15 16:48:39	7.09636400e-05	3.95459000e-10	-4.99926200e-01	-5.85477500e-08	2	1.40014700e+00	5.89617800e-08
1.05311418e+02	23-05-15 16:48:40	6.97089500e-05	6.25017200e-10	-4.99926500e-01	-4.75527500e-08	2	1.35013300e+00	4.79303400e-08
1.06695470e+02	23-05-15 16:48:42	7.06290900e-05	9.45018600e-10	-4.99928200e-01	-3.76260500e-08	2	1.30017400e+00	3.80253500e-08
1.08581174e+02	23-05-15 16:48:43	7.02108700e-05	1.23260100e-09	-4.99929000e-01	-2.92997100e-08	2	1.25018600e+00	2.95229200e-08
1.10004624e+02	23-05-15 16:48:45	6.92907500e-05	1.70225400e-09	-4.99928000e-01	-2.24839000e-08	2	1.20016600e+00	2.25676600e-08
1.11420095e+02	23-05-15 16:48:46	7.06290900e-05	2.28387700e-09	-4.99927600e-01	-1.71638500e-08	2	1.15017800e+00	1.70247900e-08
1.12842008e+02	23-05-15 16:48:48	7.01271700e-05	3.06898200e-09	-4.99926700e-01	-1.32120600e-08	2	1.10014600e+00	1.24804500e-08
1.14263815e+02	23-05-15 16:48:49	7.02108400e-05	4.27220100e-09	-4.99926400e-01	-1.07366200e-08	2	1.05013300e+00	9.14743100e-09
1.15690361e+02	23-05-15 16:48:51	7.08801300e-05	7.30003500e-09	-4.99926500e-01	-1.18295000e-08	2	1.00016800e+00	6.67315600e-09
1.17107551e+02	23-05-15 16:48:52	7.12149500e-05	1.88519300e-08	-4.99926500e-01	-2.51364300e-08	2	9.50154300e-01	5.23771900e-09
1.18536879e+02	23-05-15 16:48:53	7.04618800e-05	6.42440500e-08	-4.99927100e-01	-7.92053500e-08	2	9.00120700e-01	4.69469800e-09
1.20441739e+02	23-05-15 16:48:55	7.03784500e-05	1.18178800e-07	-4.99926900e-01	-1.33986000e-07	2	8.50132000e-01	3.67584800e-09
1.21841779e+02	23-05-15 16:48:57	7.07966700e-05	1.92120000e-07	-4.99927900e-01	-2.08463800e-07	2	8.00110700e-01	2.74669800e-09
1.23248230e+02	23-05-15 16:48:58	7.28043400e-05	2.76178600e-07	-4.99927600e-01	-2.94739800e-07	2	7.50111100e-01	2.01582700e-09
1.24670264e+02	23-05-15 16:49:00	7.27209300e-05	3.72229100e-07	-4.99929000e-01	-3.87739700e-07	2	7.00154400e-01	1.79609100e-09
1.26083715e+02	23-05-15 16:49:01	7.40594100e-05	4.63961800e-07	-4.99931100e-01	-4.82042400e-07	2	6.50132600e-01	1.05569300e-09
1.27482553e+02	23-05-15 16:49:02	6.97092400e-05	6.09454600e-07	-4.99927600e-01	-6.03700600e-07	2	6.00114000e-01	9.58812900e-10
1.29310554e+02	23-05-15 16:49:04	7.04619100e-05	6.83233100e-07	-4.99926900e-01	-7.04876700e-07	2	5.50120300e-01	8.00639800e-10
1.30693165e+02	23-05-15 16:49:06	7.07965500e-05	8.00953200e-07	-4.99927100e-01	-8.23009500e-07	2	5.00115900e-01	2.32043100e-10
1.32050341e+02	23-05-15 16:49:07	7.15492600e-05	9.15834500e-07	-4.99926100e-01	-9.61449100e-07	2	4.50122300e-01	1.07783400e-11
1.33404334e+02	23-05-15 16:49:08	7.05455600e-05	1.05623900e-06	-4.99926900e-01	-1.09531000e-06	2	4.00151700e-01	-3.88146200e-10
1.34763863e+02	23-05-15 16:49:10	7.09638100e-05	1.20888700e-06	-4.99926800e-01	-1.24362800e-06	2	3.50122300e-01	-3.72407200e-10
1.36123135e+02	23-05-15 16:49:11	7.13821200e-05	1.35181000e-06	-4.99926800e-01	-1.33556100e-06	2	3.00099600e-01	-4.11539800e-10
1.37497947e+02	23-05-15 16:49:12	7.21350700e-05	1.52355800e-06	-4.99929300e-01	-1.52198600e-06	2	2.50112100e-01	-7.73228200e-10
1.38857877e+02	23-05-15 16:49:14	7.23861500e-05	1.66264900e-06	-4.99927600e-01	-1.69936500e-06	2	2.00058300e-01	-1.01375800e-09
1.40221249e+02	23-05-15 16:49:15	7.02947500e-05	1.72865800e-06	-4.99926700e-01	-1.83119700e-06	2	1.50063900e-01	-1.17728900e-09
1.41597315e+02	23-05-15 16:49:16	6.88729100e-05	1.98130300e-06	-4.99930200e-01	-1.97784700e-06	2	1.00064300e-01	-1.74480800e-09
1.42955871e+02	23-05-15 16:49:18	7.06294900e-05	2.08875400e-06	-4.99927600e-01	-2.07733900e-06	2	5.00648000e-02	-2.06070900e-09
1.44311376e+02	23-05-15 16:49:19	7.19679200e-05	1.99260700e-06	-4.99928200e-01	-2.08327200e-06	2	6.74709200e-05	-2.38787800e-09
1.45685537e+02	23-05-15 16:49:21	7.12149500e-05	2.05176000e-06	-4.99926100e-01	-2.06658200e-06	2	-4.99338600e-02	-2.79276100e-09
1.47044935e+02	23-05-15 16:49:22	7.23023800e-05	2.09166100e-06	-4.99927600e-01	-2.06285500e-06	2	-9.99381500e-02	-3.16365200e-09
1.48404337e+02	23-05-15 16:49:23	7.18004000e-05	2.13143400e-06	-4.99927100e-01	-2.11092400e-06	2	-1.49935700e-01	-3.57628800e-09
1.49763635e+02	23-05-15 16:49:25	7.22186300e-05	2.10135600e-06	-4.99927700e-01	-2.11224800e-06	2	-1.99930200e-01	-3.92084800e-09
1.51122984e+02	23-05-15 16:49:26	6.77018200e-05	2.13412300e-06	-4.99931600e-01	-2.12212200e-06	2	-2.49942200e-01	-4.74553000e-09
1.52285088e+02	23-05-15 16:49:27	7.18842500e-05	2.04692800e-06	-4.99925800e-01	-2.04583000e-06	2	-2.99958600e-01	-4.80341800e-09
1.53638621e+02	23-05-15 16:49:28	7.37244600e-05	2.10590100e-06	-4.99928000e-01	-2.12129700e-06	2	-3.49940500e-01	-4.99814400e-09
1.54998045e+02	23-05-15 16:49:30	7.06293800e-05	2.01893700e-06	-4.99928200e-01	-1.94614900e-06	2	-3.99965600e-01	-5.31505000e-09
1.56358591e+02	23-05-15 16:49:31	7.19678600e-05	2.01333800e-06	-4.99927000e-01	-2.06844600e-06	2	-4.49966500e-01	-5.69511400e-09
1.57721098e+02	23-05-15 16:49:33	7.16330900e-05	2.08738100e-06	-4.99927900e-01	-2.09820600e-06	2	-4.99953000e-01	-6.17747600e-09
1.59098807e+02	23-05-15 16:49:34	7.12149200e-05	2.08698200e-06	-4.99927200e-01	-2.05307300e-06	2	-5.49918900e-01	-6.81607000e-09
1.60453800e+02	23-05-15 16:49:35	7.16331900e-05	1.96271500e-06	-4.99927900e-01	-2.04224800e-06	2	-5.99941600e-01	-7.60797000e-09
1.61810913e+02	23-05-15 16:49:37	7.17167800e-05	2.07543600e-06	-4.99927300e-01	-2.06339000e-06	2	-6.49957500e-01	-8.49682100e-09
1.63185350e+02	23-05-15 16:49:38	7.37241700e-05	2.11551900e-06	-4.99926500e-01	-2.09448800e-06	2	-6.99972800e-01	-9.73325300e-09
1.64544603e+02	23-05-15 16:49:39	7.33061100e-05	2.20281600e-06	-4.99928500e-01	-2.02437900e-06	2	-7.49960000e-01	-1.10736300e-08
1.65904505e+02	23-05-15 16:49:41	6.76180300e-05	2.01754000e-06	-4.99927000e-01	-2.02783700e-06	2	-7.99922700e-01	-1.23365400e-08
1.67246637e+02	23-05-15 16:49:42	7.29714500e-05	2.08903400e-06	-4.99928300e-01	-2.05780100e-06	2	-7.99922300e-01	-1.08844000e-08
1.67872880e+02	23-05-15 16:49:43	7.11314200e-05	2.16992600e-06	-4.99928900e-01	-2.00558100e-06	2	-6.99972800e-01	-2.83866900e-09
1.69247939e+02	23-05-15 16:49:44	7.03783600e-05	1.96612700e-06	-4.99928800e-01	-1.99094400e-06	2	-5.99941200e-01	4.51861400e-10
1.70608311e+02	23-05-15 16:49:45	7.02948600e-05	1.95000500e-06	-4.99928900e-01	-1.94569500e-06	2	-4.99951600e-01	2.18872200e-09
1.71966522e+02	23-05-15 16:49:47	7.31386900e-05	1.86782100e-06	-4.99928000e-01	-1.86340300e-06	2	-3.99963000e-01	3.25450800e-09
1.73348968e+02	23-05-15 16:49:48	7.14658000e-05	1.88471700e-06	-4.99928700e-01	-1.85770900e-06	2	-2.99956200e-01	4.03625500e-09
1.74705954e+02	23-05-15 16:49:50	7.31388200e-05	1.84123800e-06	-4.99929200e-01	-1.82767100e-06	2	-1.99928500e-01	4.61325100e-09
1.76060152e+02	23-05-15 16:49:51	7.38079200e-05	1.83707800e-06	-4.99927900e-01	-2.26877600e-06	2	-9.99351300e-02	4.95324200e-09
1.77435211e+02	23-05-15 16:49:52	7.32223200e-05	1.84147300e-06	-4.99928700e-01	-1.86479300e-06	2	6.79729500e-05	5.32925600e-09
1.78800323e+02	23-05-15 16:49:54	7.22186300e-05	1.75892900e-06	-4.99928300e-01	-1.73619400e-06	2	1.00065900e-01	5.57051200e-09
1.80153968e+02	23-05-15 16:49:55	7.35569900e-05	1.62345500e-06	-4.99927600e-01	-1.60349300e-06	2	2.00058800e-01	5.22597600e-09
1.81513314e+02	23-05-15 16:49:56	7.22184400e-05	1.51057700e-06	-4.99927200e-01	-1.36521100e-06	2	3.00101200e-01	4.19909000e-09
1.82872609e+02	23-05-15 16:49:58	7.10476300e-05	1.14162000e-06	-4.99928500e-01	-1.04822200e-06	2	4.00151000e-01	4.13329500e-09
1.84252510e+02	23-05-15 16:49:59	7.03782400e-05	7.78719500e-07	-4.99926900e-01	-7.27492100e-07	2	5.00115200e-01	4.87539200e-09
1.85606959e+02	23-05-15 16:50:00	7.02944000e-05	5.36067900e-07	-4.99927400e-01	-5.11420000e-07	2	6.00114600e-01	6.19945500e-09
1.86967856e+02	23-05-15 16:50:02	7.33899300e-05	3.31994300e-07	-4.99928900e-01	-3.24279800e-07	2	7.00154400e-01	6.33041700e-09
1.88841247e+02	23-05-15 16:50:04	7.21348900e-05	2.19382300e-07	-4.99928700e-01	-2.06966900e-07	2	8.00110300e-01	8.14100500e-09
1.90247505e+02	23-05-15 16:50:05	7.10473100e-05	1.10571100e-07	-4.99926600e-01	-1.03626600e-07	2	9.00122300e-01	1.02815900e-08
1.91662863e+02	23-05-15 16:50:07	7.27204900e-05	2.19257900e-08	-4.99928900e-01	-3.19678300e-08	2	1.00016700e+00	1.27529800e-08
1.93606899e+02	23-05-15 16:50:08	6.92068700e-05	2.97131300e-10	-4.99928900e-01	-2.42232200e-08	2	1.10014700e+00	1.91968100e-08
1.95030208e+02	23-05-15 16:50:10	6.76175500e-05	-6.53717600e-09	-4.99928000e-01	-2.83633600e-08	2	1.20016800e+00	2.76718300e-08
1.96456313e+02	23-05-15 16:50:11	6.85374300e-05	-6.92778000e-09	-4.99929100e-01	-3.95013900e-08	2	1.30017300e+00	4.08998600e-08
1.97834161e+02	23-05-15 16:50:13	6.79521200e-05	-6.68352000e-09	-4.99926100e-01	-5.74231100e-08	2	1.40014800e+00	5.96816900e-08
1.99461463e+02	23-05-15 16:50:14	6.77848600e-05	-6.72109700e-09	-4.99926800e-01	-7.93969900e-08	2	1.50014700e+00	8.07781300e-08
2.00816755e+02	23-05-15 16:50:16	6.87051200e-05	-2.49857800e-09	-4.99927000e-01	-7.72058300e-08	3	1.50014700e+00	7.88359700e-08
2.01497524e+02	23-05-15 16:50:16	6.87049500e-05	2.76139700e-11	-4.99926800e-01	-6.41474800e-08	3	1.45016000e+00	6.38032800e-08
2.02880789e+02	23-05-15 16:50:18	6.89559600e-05	5.29339100e-10	-4.99926600e-01	-5.13659400e-08	3	1.40014800e+00	5.06419900e-08
2.04247342e+02	23-05-15 16:50:19	6.87887600e-05	8.29653300e-10	-4.99929700e-01	-3.94804800e-08	3	1.35013600e+00	3.93250900e-08
2.06143495e+02	23-05-15 16:50:21	6.95414700e-05	1.11174000e-09	-4.99927900e-01	-3.00121800e-08	3	1.30017500e+00	2.98453000e-08
2.07559720e+02	23-05-15 16:50:22	6.89558900e-05	1.55887900e-09	-4.99927900e-01	-2.24680700e-08	3	1.25018300e+00	2.24659600e-08
2.08986159e+02	23-05-15 16:50:24	6.90395500e-05	2.03723000e-09	-4.99927700e-01	-1.68895800e-08	3	1.20016500e+00	1.68110400e-08
2.10403529e+02	23-05-15 16:50:25	6.91232500e-05	2.65490500e-09	-4.99926800e-01	-1.28522200e-08	3	1.15017700e+00	1.23872500e-08
2.11810255e+02	23-05-15 16:50:27	6.97923800e-05	3.60052100e-09	-4.99926500e-01	-1.00956300e-08	3	1.10014500e+00	9.06394400e-09
2.13232600e+02	23-05-15 16:50:28	6.98763500e-05	5.43795700e-09	-4.99925900e-01	-9.43154000e-09	3	1.05013200e+00	6.63687500e-09
2.14653463e+02	23-05-15 16:50:29	7.01271700e-05	1.13317700e-08	-4.99925600e-01	-1.53021300e-08	3	1.00016600e+00	5.05056300e-09
2.16075440e+02	23-05-15 16:50:31	7.07132000e-05	3.18101200e-08	-4.99925400e-01	-3.94003300e-08	3	9.50152800e-01	4.21414400e-09
2.17497255e+02	23-05-15 16:50:32	7.03782100e-05	8.81783100e-08	-4.99926400e-01	-1.00828500e-07	3	9.00119100e-01	3.68995300e-09
2.19403500e+02	23-05-15 16:50:34	6.50247100e-05	1.46065300e-07	-4.99926500e-01	-1.59080700e-07	3	8.50137500e-01	2.67517000e-09
2.20821048e+02	23-05-15 16:50:36	7.90777900e-05	2.14157400e-07	-4.99933300e-01	-2.33916500e-07	3	8.00108200e-01	2.69322200e-09
2.22215971e+02	23-05-15 16:50:37	7.94961900e-05	3.31611200e-07	-4.99926200e-01	-3.11388200e-07	3	7.50119000e-01	5.78665100e-10
2.23628981e+02	23-05-15 16:50:38	8.20894800e-05	4.54322100e-07	-4.99929400e-01	-4.85953700e-07	3	7.00152900e-01	1.79001900e-09
2.25038525e+02	23-05-15 16:50:40	7.42265500e-05	4.85140700e-07	-4.99929700e-01	-4.91258400e-07	3	6.50132300e-01	3.00132600e-10
2.26450286e+02	23-05-15 16:50:41	7.07127000e-05	5.77170600e-07	-4.99926700e-01	-5.72371600e-07	3	6.00115100e-01	7.20744400e-10
2.28279778e+02	23-05-15 16:50:43	7.00435800e-05	6.40192300e-07	-4.99926500e-01	-6.61986900e-07	3	5.50121600e-01	1.42704600e-10
2.29644028e+02	23-05-15 16:50:44	7.08798800e-05	7.95837900e-07	-4.99926100e-01	-7.78088000e-07	3	5.00116700e-01	3.72070300e-10
2.31012773e+02	23-05-15 16:50:46	7.06290900e-05	9.18782300e-07	-4.99927100e-01	-9.60541000e-07	3	4.50118700e-01	-1.70415600e-10
2.32372066e+02	23-05-15 16:50:47	7.02108700e-05	1.03442200e-06	-4.99927900e-01	-1.04239400e-06	3	4.00150500e-01	-1.39176500e-09
2.33753431e+02	23-05-15 16:50:49	7.14656500e-05	1.16967500e-06	-4.99926800e-01	-1.17567000e-06	3	3.50126600e-01	-2.94584400e-10
2.35111862e+02	23-05-15 16:50:50	5.28120400e-05	2.02042600e-06	-4.99930400e-01	-1.59492400e-06	3	3.00103000e-01	-8.86378200e-12
2.36470494e+02	23-05-15 16:50:51	6.91234900e-05	1.40164600e-06	-4.99929700e-01	-1.42564100e-06	3	2.50110000e-01	-8.21362000e-10
2.37848931e+02	23-05-15 16:50:53	7.08803400e-05	1.52399800e-06	-4.99938800e-01	-1.53741000e-06	3	2.00057900e-01	-9.39690500e-10
2.39204885e+02	23-05-15 16:50:54	7.37240400e-05	1.56406400e-06	-4.99927900e-01	-1.55299600e-06	3	1.50064300e-01	-1.33491300e-09
2.40563616e+02	23-05-15 16:50:55	7.04620400e-05	1.75503800e-06	-4.99929200e-01	-1.66663000e-06	3	1.00063800e-01	-1.80306700e-09
2.41921838e+02	23-05-15 16:50:57	7.19675800e-05	1.77935400e-06	-4.99929400e-01	-1.81680900e-06	3	5.00658200e-02	-2.21912100e-09
2.43285113e+02	23-05-15 16:50:58	6.97927300e-05	1.76516400e-06	-4.99927200e-01	-1.66617300e-06	3	6.73036000e-05	-2.70948800e-09
2.44643307e+02	23-05-15 16:50:59	7.22184800e-05	1.76736600e-06	-4.99925900e-01	-1.81919000e-06	3	-4.99337800e-02	-3.05122400e-09
2.45997039e+02	23-05-15 16:51:01	7.26368400e-05	1.78701600e-06	-4.99927300e-01	-1.76022600e-06	3	-9.99370300e-02	-3.40832500e-09
2.47356363e+02	23-05-15 16:51:02	7.10473600e-05	1.85456600e-06	-4.99926900e-01	-1.85578200e-06	3	-1.49934900e-01	-3.77034000e-09
2.48716191e+02	23-05-15 16:51:04	7.16328000e-05	1.78810400e-06	-4.99925800e-01	-1.70530100e-06	3	-1.99930200e-01	-4.58255100e-09
2.49874576e+02	23-05-15 16:51:05	7.07128800e-05	1.70328100e-06	-4.99926500e-01	-1.70302500e-06	3	-2.49942000e-01	-5.10571100e-09
2.51029864e+02	23-05-15 16:51:06	7.30550700e-05	1.78985200e-06	-4.99927600e-01	-1.78198600e-06	3	-2.99959000e-01	-5.06555000e-09
2.52387559e+02	23-05-15 16:51:07	6.93746000e-05	1.89756300e-06	-4.99929000e-01	-2.48296400e-06	3	-3.49941600e-01	-5.37147100e-09
2.53746947e+02	23-05-15 16:51:09	7.59828000e-05	2.02815400e-06	-4.99925700e-01	-1.97946200e-06	3	-3.99964500e-01	-5.78449700e-09
2.55111009e+02	23-05-15 16:51:10	7.24695000e-05	1.88780600e-06	-4.99926900e-01	-1.89675200e-06	3	-4.49964300e-01	-6.32984100e-09
2.56468082e+02	23-05-15 16:51:11	6.97091100e-05	1.88611600e-06	-4.99927400e-01	-1.86982300e-06	3	-4.99951900e-01	-6.81351000e-09
2.57840560e+02	23-05-15 16:51:13	7.53971400e-05	1.90267000e-06	-4.99926200e-01	-1.93399000e-06	3	-5.49916500e-01	-7.41583600e-09
2.59200048e+02	23-05-15 16:51:14	7.48952700e-05	1.99360100e-06	-4.99926800e-01	-2.08423700e-06	3	-5.99941000e-01	-8.24699600e-09
2.60564775e+02	23-05-15 16:51:15	7.14657700e-05	1.95456400e-06	-4.99928100e-01	-1.92919300e-06	3	-6.49957600e-01	-9.24177600e-09
2.61944657e+02	23-05-15 16:51:17	6.75341000e-05	1.95711100e-06	-4.99926800e-01	-1.90541000e-06	3	-6.99971700e-01	-1.01065100e-08
2.63293862e+02	23-05-15 16:51:18	7.14657700e-05	2.15107300e-06	-4.99926500e-01	-2.28918800e-06	3	-7.49960500e-01	-1.17546600e-08
2.64652988e+02	23-05-15 16:51:19	7.25532300e-05	2.22371300e-06	-4.99928900e-01	-2.27163600e-06	3	-7.99922500e-01	-1.31849300e-08
2.65996959e+02	23-05-15 16:51:21	6.99600500e-05	2.23744800e-06	-4.99927900e-01	-2.22684400e-06	3	-7.99922300e-01	-1.19228500e-08
2.66628128e+02	23-05-15 16:51:21	7.49790600e-05	2.12190300e-06	-4.99927900e-01	-2.03931000e-06	3	-6.99972800e-01	-3.48268700e-09
2.67997073e+02	23-05-15 16:51:23	7.00438400e-05	1.98693700e-06	-4.99929200e-01	-1.99140000e-06	3	-5.99940900e-01	9.53306000e-11
2.69360966e+02	23-05-15 16:51:24	7.15492900e-05	2.04690700e-06	-4.99930000e-01	-1.98586200e-06	3	-4.99950100e-01	1.99410000e-09
2.70715606e+02	23-05-15 16:51:26	7.15494700e-05	2.03168900e-06	-4.99926400e-01	-2.01694900e-06	3	-3.99961900e-01	3.09438200e-09
2.72096228e+02	23-05-15 16:51:27	7.37242000e-05	2.06909200e-06	-4.99926800e-01	-2.10483100e-06	3	-2.99956900e-01	3.95633100e-09
2.73453250e+02	23-05-15 16:51:28	7.60663200e-05	2.34008200e-06	-4.99929600e-01	-2.04066900e-06	3	-1.99930100e-01	4.52702500e-09
2.74809198e+02	23-05-15 16:51:30	7.33061100e-05	2.12727000e-06	-4.99927400e-01	-2.07045000e-06	3	-9.99355100e-02	5.00543600e-09
2.76189231e+02	23-05-15 16:51:31	6.98762600e-05	2.05526300e-06	-4.99930500e-01	-2.00226700e-06	3	6.79730100e-05	5.39964000e-09
2.77543633e+02	23-05-15 16:51:32	7.09637000e-05	1.88884600e-06	-4.99927100e-01	-1.97934100e-06	3	1.00066700e-01	5.61549400e-09
2.78903032e+02	23-05-15 16:51:34	7.18002500e-05	1.82262300e-06	-4.99929600e-01	-1.83412300e-06	3	2.00060700e-01	5.31611900e-09
2.80272477e+02	23-05-15 16:51:35	7.36405500e-05	1.69216800e-06	-4.99928400e-01	-1.55905000e-06	3	3.00101100e-01	4.39732700e-09
2.81629403e+02	23-05-15 16:51:36	7.00435200e-05	1.26569400e-06	-4.99928500e-01	-1.17763600e-06	3	4.00150900e-01	4.41918000e-09
2.83001365e+02	23-05-15 16:51:38	6.99597900e-05	8.59585600e-07	-4.99927600e-01	-7.93208100e-07	3	5.00116300e-01	4.53201500e-09
2.84356077e+02	23-05-15 16:51:39	6.98761100e-05	6.08317500e-07	-4.99926500e-01	-5.57783800e-07	3	6.00117300e-01	5.33333500e-09
2.85715396e+02	23-05-15 16:51:41	7.33062900e-05	4.03665300e-07	-4.99928200e-01	-3.61335100e-07	3	7.00154000e-01	5.86016300e-09
2.87590545e+02	23-05-15 16:51:42	7.20511300e-05	2.43586300e-07	-4.99927400e-01	-2.30308900e-07	3	8.00111300e-01	7.47267000e-09
2.88996573e+02	23-05-15 16:51:44	7.08800000e-05	1.26553200e-07	-4.99928000e-01	-1.18296100e-07	3	9.00122000e-01	9.56032900e-09
2.90403842e+02	23-05-15 16:51:45	7.32223200e-05	4.36900400e-08	-4.99928900e-01	-4.12067700e-08	3	1.00016800e+00	1.12898300e-08
2.92340518e+02	23-05-15 16:51:47	6.96250100e-05	3.22193700e-09	-4.99928400e-01	-2.37001500e-08	3	1.10014600e+00	1.67048400e-08
2.93762196e+02	23-05-15 16:51:49	6.71154400e-05	-6.11087900e-09	-4.99928500e-01	-2.48707100e-08	3	1.20016600e+00	2.38877400e-08
2.95184049e+02	23-05-15 16:51:50	6.79520900e-05	-7.14125600e-09	-4.99929200e-01	-3.43031200e-08	3	1.30017700e+00	3.49029600e-08
2.96815007e+02	23-05-15 16:51:52	6.83702500e-05	-7.02501600e-09	-4.99927600e-01	-5.06020600e-08	3	1.40014700e+00	5.16376600e-08
2.98434466e+02	23-05-15 16:51:53	6.76175500e-05	-6.46282900e-09	-4.99927700e-01	-7.09422400e-08	3	1.50014700e+00	7.20978500e-08