Time elapsed	Time stamp	Drain_TR Voltage	Drain_TR Current	Drain_TR Resistance	Loop_TR Index
s		V	A	V/A	

2.19433846e-01	2023-05-24T15:26:52.423860	-3.00000000e-01	-1.41660000e-08	2.11774672e+07	1
3.67901538e-01	2023-05-24T15:26:52.571997	-3.00000000e-01	-1.01490000e-08	2.95595625e+07	2
4.12983385e-01	2023-05-24T15:26:52.617089	-3.00000000e-01	-7.78140000e-09	3.85534737e+07	3
5.41904000e-01	2023-05-24T15:26:52.737020	-3.00000000e-01	-5.43040000e-09	5.52445492e+07	4
6.29578256e-01	2023-05-24T15:26:52.827084	-3.00000000e-01	-5.54180000e-09	5.41340359e+07	5
7.14322051e-01	2023-05-24T15:26:52.917098	-3.00000000e-01	-3.34300000e-09	8.97397547e+07	6
8.13164718e-01	2023-05-24T15:26:53.017044	-3.00000000e-01	-3.20150000e-09	9.37060753e+07	7
9.03152000e-01	2023-05-24T15:26:53.107012	-3.00000000e-01	-3.78610000e-09	7.92372098e+07	8
9.86996923e-01	2023-05-24T15:26:53.187038	-3.00000000e-01	-2.29250000e-09	1.30861505e+08	9
1.07416615e+00	2023-05-24T15:26:53.277042	-3.00000000e-01	-2.30260000e-09	1.30287501e+08	10
1.14825477e+00	2023-05-24T15:26:53.347097	-3.00000000e-01	-3.71960000e-09	8.06538337e+07	11
1.24443610e+00	2023-05-24T15:26:53.447061	-3.00000000e-01	-1.67510000e-09	1.79093785e+08	12
1.32721928e+00	2023-05-24T15:26:53.527055	-3.00000000e-01	-2.73630000e-09	1.09637101e+08	13
1.40896574e+00	2023-05-24T15:26:53.607063	-3.00000000e-01	-3.36800000e-09	8.90736342e+07	14
1.49322462e+00	2023-05-24T15:26:53.697018	-3.00000000e-01	-1.83450000e-09	1.63532298e+08	15
1.57917374e+00	2023-05-24T15:26:53.777018	-3.00000000e-01	-2.15750000e-09	1.39049826e+08	16
1.66600615e+00	2023-05-24T15:26:53.867176	-3.00000000e-01	-2.98360000e-09	1.00549672e+08	17
1.75309210e+00	2023-05-24T15:26:53.957019	-3.00000000e-01	-2.18610000e-09	1.37230685e+08	18
1.84024000e+00	2023-05-24T15:26:54.037167	-3.00000000e-01	-5.72050000e-09	5.24429683e+07	19
1.92971323e+00	2023-05-24T15:26:54.127044	-3.00000000e-01	-2.47260000e-09	1.21329774e+08	20
2.02432082e+00	2023-05-24T15:26:54.227052	-3.00000000e-01	-1.62150000e-09	1.85013876e+08	21
2.10901990e+00	2023-05-24T15:26:54.307048	-3.00000000e-01	-1.08130000e-09	2.77443818e+08	22
2.19148431e+00	2023-05-24T15:26:54.387052	-3.00000000e-01	-2.57620000e-09	1.16450586e+08	23
2.28300882e+00	2023-05-24T15:26:54.487021	-3.00000000e-01	-1.42720000e-09	2.10201794e+08	24
2.37302933e+00	2023-05-24T15:26:54.577035	-3.00000000e-01	-9.14800000e-10	3.27940533e+08	25
3.51038974e+00	2023-05-24T15:26:55.707184	-3.00000000e-01	-9.06930000e-10	3.30786279e+08	26
3.88236595e+00	2023-05-24T15:26:56.087060	-3.00000000e-01	-8.46050000e-10	3.54588972e+08	27
4.26315036e+00	2023-05-24T15:26:56.467062	-3.00000000e-01	-7.33520000e-10	4.08986803e+08	28
4.62559385e+00	2023-05-24T15:26:56.827192	-3.00000000e-01	-7.87360000e-10	3.81020118e+08	29
5.00320903e+00	2023-05-24T15:26:57.207242	-3.00000000e-01	-6.40780000e-10	4.68179406e+08	30
5.37023262e+00	2023-05-24T15:26:57.567244	-3.00000000e-01	-7.17500000e-10	4.18118467e+08	31
5.74080656e+00	2023-05-24T15:26:57.937594	-3.00000000e-01	-9.57810000e-10	3.13214521e+08	32
6.11352451e+00	2023-05-24T15:26:58.317477	-3.00000000e-01	-6.48710000e-10	4.62456259e+08	33
6.48223918e+00	2023-05-24T15:26:58.677605	-3.00000000e-01	-6.67540000e-10	4.49411271e+08	34
6.85470974e+00	2023-05-24T15:26:59.057691	-3.00000000e-01	-5.61580000e-10	5.34207059e+08	35
7.22514256e+00	2023-05-24T15:26:59.427995	-3.00000000e-01	-5.28630000e-10	5.67504682e+08	36
7.59824821e+00	2023-05-24T15:26:59.797997	-3.00000000e-01	-4.99510000e-10	6.00588577e+08	37
7.97401190e+00	2023-05-24T15:27:00.178073	-3.00000000e-01	-6.06510000e-10	4.94633229e+08	38
8.34136944e+00	2023-05-24T15:27:00.538196	-3.00000000e-01	-5.32820000e-10	5.63041928e+08	39
8.71130010e+00	2023-05-24T15:27:00.908197	-3.00000000e-01	-4.29630000e-10	6.98275260e+08	40
9.08338462e+00	2023-05-24T15:27:01.278520	-3.00000000e-01	-5.87440000e-10	5.10690453e+08	41
9.46444923e+00	2023-05-24T15:27:01.668379	-3.00000000e-01	-4.42500000e-10	6.77966102e+08	42
9.83452923e+00	2023-05-24T15:27:02.038608	-3.00000000e-01	-5.85310000e-10	5.12548906e+08	43
1.01973469e+01	2023-05-24T15:27:02.398735	-3.00000000e-01	-4.32020000e-10	6.94412296e+08	44
1.05693362e+01	2023-05-24T15:27:02.768734	-3.00000000e-01	-5.33140000e-10	5.62703980e+08	45
1.09506474e+01	2023-05-24T15:27:03.148822	-3.00000000e-01	-4.77420000e-10	6.28377529e+08	46
1.13130663e+01	2023-05-24T15:27:03.508891	-3.00000000e-01	-6.25340000e-10	4.79739022e+08	47
1.16823126e+01	2023-05-24T15:27:03.879184	-3.00000000e-01	-5.24690000e-10	5.71766186e+08	48
1.20552890e+01	2023-05-24T15:27:04.259148	-3.00000000e-01	-3.83780000e-10	7.81697848e+08	49
1.24295668e+01	2023-05-24T15:27:04.629068	-3.00000000e-01	-5.25600000e-10	5.70776256e+08	50
1.28050462e+01	2023-05-24T15:27:05.009067	-3.00000000e-01	-2.07350000e-10	1.44682903e+09	51
1.31750962e+01	2023-05-24T15:27:05.379071	-3.00000000e-01	-3.93780000e-10	7.61846716e+08	52
1.35449924e+01	2023-05-24T15:27:05.749083	-3.00000000e-01	-4.70840000e-10	6.37159120e+08	53
1.39150950e+01	2023-05-24T15:27:06.119040	-3.00000000e-01	-3.63980000e-10	8.24221111e+08	54
1.42852825e+01	2023-05-24T15:27:06.489090	-3.00000000e-01	-4.21960000e-10	7.10967864e+08	55
1.46552037e+01	2023-05-24T15:27:06.859141	-3.00000000e-01	-3.50050000e-10	8.57020426e+08	56
1.50353694e+01	2023-05-24T15:27:07.239314	-3.00000000e-01	-4.57140000e-10	6.56254102e+08	57
1.54005690e+01	2023-05-24T15:27:07.599480	-3.00000000e-01	-3.92420000e-10	7.64487029e+08	58
1.57754872e+01	2023-05-24T15:27:07.979482	-3.00000000e-01	-3.75400000e-10	7.99147576e+08	59
1.61456968e+01	2023-05-24T15:27:08.349711	-3.00000000e-01	-4.30210000e-10	6.97333860e+08	60
1.65161744e+01	2023-05-24T15:27:08.719908	-3.00000000e-01	-3.13550000e-10	9.56785202e+08	61
1.68835594e+01	2023-05-24T15:27:09.080029	-3.00000000e-01	-4.01990000e-10	7.46287221e+08	62
1.72558314e+01	2023-05-24T15:27:09.460106	-3.00000000e-01	-2.82980000e-10	1.06014559e+09	63
1.76285547e+01	2023-05-24T15:27:09.830239	-3.00000000e-01	-3.99160000e-10	7.51578314e+08	64
1.80009982e+01	2023-05-24T15:27:10.200120	-3.00000000e-01	-3.44010000e-10	8.72067672e+08	65
1.83724886e+01	2023-05-24T15:27:10.570287	-3.00000000e-01	-1.12600000e-10	2.66429840e+09	66
1.87462302e+01	2023-05-24T15:27:10.950322	-3.00000000e-01	-4.06290000e-10	7.38388836e+08	67
1.91162269e+01	2023-05-24T15:27:11.320347	-3.00000000e-01	-3.05120000e-10	9.83219717e+08	68
1.94847594e+01	2023-05-24T15:27:11.680451	-3.00000000e-01	-4.20670000e-10	7.13148073e+08	69
1.98664115e+01	2023-05-24T15:27:12.070524	-3.00000000e-01	-2.43640000e-10	1.23132491e+09	70
2.02281662e+01	2023-05-24T15:27:12.430656	-3.00000000e-01	-3.57990000e-10	8.38012235e+08	71
2.06034191e+01	2023-05-24T15:27:12.800652	-3.00000000e-01	-3.57150000e-10	8.39983200e+08	72
2.09737653e+01	2023-05-24T15:27:13.170655	-3.00000000e-01	-3.38120000e-10	8.87258961e+08	73
2.19982170e+01	2023-05-24T15:27:14.201119	-3.00000000e-01	-2.72080000e-10	1.10261688e+09	74
2.23750962e+01	2023-05-24T15:27:14.570999	-3.00000000e-01	-3.32060000e-10	9.03451184e+08	75
2.32868554e+01	2023-05-24T15:27:15.490972	-3.00000000e-01	-2.16880000e-10	1.38325341e+09	76
2.36469649e+01	2023-05-24T15:27:15.850974	-3.00000000e-01	-3.70750000e-10	8.09170600e+08	77
2.40171664e+01	2023-05-24T15:27:16.221127	-3.00000000e-01	-1.98560000e-10	1.51087832e+09	78
2.43970449e+01	2023-05-24T15:27:16.601153	-3.00000000e-01	-3.29030000e-10	9.11770963e+08	79
2.47602626e+01	2023-05-24T15:27:16.961288	-3.00000000e-01	-3.50760000e-10	8.55285665e+08	80
2.51322384e+01	2023-05-24T15:27:17.331283	-3.00000000e-01	-2.60860000e-10	1.15004217e+09	81
2.55075097e+01	2023-05-24T15:27:17.711172	-3.00000000e-01	-3.08260000e-10	9.73204438e+08	82
2.58757883e+01	2023-05-24T15:27:18.071287	-3.00000000e-01	-2.17330000e-10	1.38038927e+09	83
2.62454679e+01	2023-05-24T15:27:18.441288	-3.00000000e-01	-3.60180000e-10	8.32916875e+08	84
2.66214314e+01	2023-05-24T15:27:18.821140	-3.00000000e-01	-1.38780000e-10	2.16169477e+09	85
2.69916148e+01	2023-05-24T15:27:19.191175	-3.00000000e-01	-2.98070000e-10	1.00647499e+09	86
2.73672525e+01	2023-05-24T15:27:19.571337	-3.00000000e-01	-3.10910000e-10	9.64909459e+08	87
2.77373801e+01	2023-05-24T15:27:19.941339	-3.00000000e-01	-2.14110000e-10	1.40114894e+09	88
2.81051192e+01	2023-05-24T15:27:20.301714	-3.00000000e-01	-1.36850000e-10	2.19218122e+09	89
2.84776960e+01	2023-05-24T15:27:20.681598	-3.00000000e-01	-2.07850000e-10	1.44334857e+09	90
2.88473768e+01	2023-05-24T15:27:21.051567	-3.00000000e-01	-3.40960000e-10	8.79868606e+08	91
2.92231902e+01	2023-05-24T15:27:21.421727	-3.00000000e-01	-2.63180000e-10	1.13990425e+09	92
2.95973994e+01	2023-05-24T15:27:21.801583	-3.00000000e-01	-1.93600000e-10	1.54958678e+09	93
2.99674289e+01	2023-05-24T15:27:22.171616	-3.00000000e-01	-2.90850000e-10	1.03145952e+09	94
3.03339762e+01	2023-05-24T15:27:22.531733	-3.00000000e-01	-2.17460000e-10	1.37956406e+09	95
3.07075389e+01	2023-05-24T15:27:22.911615	-3.00000000e-01	-1.72510000e-10	1.73902962e+09	96
3.17373887e+01	2023-05-24T15:27:23.941609	-3.00000000e-01	-2.29580000e-10	1.30673404e+09	97
3.21074285e+01	2023-05-24T15:27:24.311617	-3.00000000e-01	-1.93150000e-10	1.55319700e+09	98
3.31293600e+01	2023-05-24T15:27:25.331896	-3.00000000e-01	-2.43320000e-10	1.23294427e+09	99
3.35043742e+01	2023-05-24T15:27:25.702092	-3.00000000e-01	-1.39230000e-10	2.15470804e+09	100
3.45365251e+01	2023-05-24T15:27:26.731975	-3.00000000e-01	-3.04720000e-10	9.84510370e+08	101
3.49028484e+01	2023-05-24T15:27:27.102180	-3.00000000e-01	-1.47290000e-10	2.03679815e+09	102
3.59281559e+01	2023-05-24T15:27:28.132282	-3.00000000e-01	-3.03430000e-10	9.88695910e+08	103
3.63080837e+01	2023-05-24T15:27:28.512289	-3.00000000e-01	-9.16900000e-10	3.27189443e+08	104
3.69166864e+01	2023-05-24T15:27:29.112440	-3.00000000e-01	-1.87470000e-10	1.60025604e+09	105
3.74107475e+01	2023-05-24T15:27:29.612464	-3.00000000e-01	-2.29580000e-10	1.30673404e+09	106
3.77837321e+01	2023-05-24T15:27:29.982451	-3.00000000e-01	4.72700000e-11	-6.34651999e+09	107
3.81570794e+01	2023-05-24T15:27:30.352437	-3.00000000e-01	-1.64380000e-10	1.82503954e+09	108
3.85258076e+01	2023-05-24T15:27:30.722450	-3.00000000e-01	-2.96330000e-10	1.01238484e+09	109
3.88983844e+01	2023-05-24T15:27:31.102454	-3.00000000e-01	-1.64130000e-10	1.82781941e+09	110
3.92882014e+01	2023-05-24T15:27:31.492303	-3.00000000e-01	-1.47750000e-10	2.03045685e+09	111
3.96406084e+01	2023-05-24T15:27:31.842463	-3.00000000e-01	-1.87280000e-10	1.60187954e+09	112
4.00166150e+01	2023-05-24T15:27:32.212460	-3.00000000e-01	-2.71700000e-10	1.10415900e+09	113
4.03848226e+01	2023-05-24T15:27:32.582585	-3.00000000e-01	-2.08950000e-10	1.43575018e+09	114
4.07565243e+01	2023-05-24T15:27:32.952584	-3.00000000e-01	-1.37690000e-10	2.17880747e+09	115
4.11256611e+01	2023-05-24T15:27:33.323026	-3.00000000e-01	-2.58800000e-10	1.15919629e+09	116
4.14985883e+01	2023-05-24T15:27:33.702896	-3.00000000e-01	-1.55230000e-10	1.93261612e+09	117
4.18686433e+01	2023-05-24T15:27:34.072904	-3.00000000e-01	-1.97470000e-10	1.51921811e+09	118
4.29039196e+01	2023-05-24T15:27:35.103108	-3.00000000e-01	-1.47550000e-10	2.03320908e+09	119
4.32689054e+01	2023-05-24T15:27:35.473112	-3.00000000e-01	-9.09190000e-10	3.29964034e+08	120
4.36413034e+01	2023-05-24T15:27:35.843223	-3.00000000e-01	-1.27880000e-10	2.34594933e+09	121
4.40188016e+01	2023-05-24T15:27:36.223116	-3.00000000e-01	-2.56150000e-10	1.17118876e+09	122
4.43889625e+01	2023-05-24T15:27:36.593084	-3.00000000e-01	-1.41940000e-10	2.11356911e+09	123
4.47536242e+01	2023-05-24T15:27:36.953245	-3.00000000e-01	4.48900000e-11	-6.68300290e+09	124
4.51289448e+01	2023-05-24T15:27:37.333123	-3.00000000e-01	-1.91540000e-10	1.56625248e+09	125
4.54966072e+01	2023-05-24T15:27:37.693250	-3.00000000e-01	-1.79670000e-10	1.66972783e+09	126
4.58788053e+01	2023-05-24T15:27:38.083128	-3.00000000e-01	-2.65180000e-10	1.13130704e+09	127
4.62490096e+01	2023-05-24T15:27:38.453125	-3.00000000e-01	-4.52700000e-11	6.62690524e+09	128
4.66189305e+01	2023-05-24T15:27:38.823134	-3.00000000e-01	-2.56990000e-10	1.16736060e+09	129
4.69888960e+01	2023-05-24T15:27:39.193134	-3.00000000e-01	-1.39040000e-10	2.15765247e+09	130
4.73553284e+01	2023-05-24T15:27:39.553104	-3.00000000e-01	-2.36490000e-10	1.26855258e+09	131
4.77276632e+01	2023-05-24T15:27:39.923457	-3.00000000e-01	-1.14020000e-10	2.63111735e+09	132
4.80990006e+01	2023-05-24T15:27:40.303303	-3.00000000e-01	-2.10560000e-10	1.42477204e+09	133
4.84686453e+01	2023-05-24T15:27:40.673501	-3.00000000e-01	-2.15850000e-10	1.38985407e+09	134
4.88444554e+01	2023-05-24T15:27:41.043537	-3.00000000e-01	-3.06520000e-10	9.78728957e+08	135
4.92098753e+01	2023-05-24T15:27:41.413669	-3.00000000e-01	-2.46930000e-10	1.21491921e+09	136
4.95892271e+01	2023-05-24T15:27:41.793507	-3.00000000e-01	-1.28660000e-10	2.33172703e+09	137
4.99594101e+01	2023-05-24T15:27:42.163733	-3.00000000e-01	-2.87300000e-10	1.04420466e+09	138
5.03274855e+01	2023-05-24T15:27:42.524067	-3.00000000e-01	9.53200000e-11	-3.14729333e+09	139
5.06965305e+01	2023-05-24T15:27:42.894066	-3.00000000e-01	-1.90700000e-10	1.57315155e+09	140
5.10694868e+01	2023-05-24T15:27:43.273917	-3.00000000e-01	-2.12750000e-10	1.41010576e+09	141
5.14424443e+01	2023-05-24T15:27:43.644074	-3.00000000e-01	-1.09890000e-10	2.73000273e+09	142
5.18115122e+01	2023-05-24T15:27:44.014078	-3.00000000e-01	-1.21180000e-10	2.47565605e+09	143
5.21804189e+01	2023-05-24T15:27:44.384080	-3.00000000e-01	-1.21110000e-10	2.47708695e+09	144
5.25568418e+01	2023-05-24T15:27:44.753927	-3.00000000e-01	-2.45580000e-10	1.22159785e+09	145
5.29291672e+01	2023-05-24T15:27:45.134127	-3.00000000e-01	-1.52070000e-10	1.97277570e+09	146
5.32999848e+01	2023-05-24T15:27:45.504320	-3.00000000e-01	-1.31560000e-10	2.28032837e+09	147
5.36721998e+01	2023-05-24T15:27:45.874467	-3.00000000e-01	-1.58450000e-10	1.89334175e+09	148
5.40403532e+01	2023-05-24T15:27:46.244598	-3.00000000e-01	-1.65160000e-10	1.81642044e+09	149
5.44202334e+01	2023-05-24T15:27:46.624469	-3.00000000e-01	-1.27240000e-10	2.35774914e+09	150
5.47903512e+01	2023-05-24T15:27:46.994689	-3.00000000e-01	-1.00020000e-10	2.99940012e+09	151
5.51604640e+01	2023-05-24T15:27:47.364695	-3.00000000e-01	-2.36870000e-10	1.26651750e+09	152
5.55302363e+01	2023-05-24T15:27:47.734941	-3.00000000e-01	-9.91200000e-11	3.02663438e+09	153
5.58983528e+01	2023-05-24T15:27:48.095053	-3.00000000e-01	9.87000000e-12	-3.03951368e+10	154
5.62719381e+01	2023-05-24T15:27:48.474934	-3.00000000e-01	-9.64800000e-11	3.10945274e+09	155
5.66507052e+01	2023-05-24T15:27:48.854901	-3.00000000e-01	-1.94760000e-10	1.54035736e+09	156
5.70114018e+01	2023-05-24T15:27:49.214937	-3.00000000e-01	-2.15010000e-10	1.39528394e+09	157
5.73866712e+01	2023-05-24T15:27:49.585063	-3.00000000e-01	4.26000000e-12	-7.04225352e+10	158
5.77555134e+01	2023-05-24T15:27:49.955067	-3.00000000e-01	-2.37580000e-10	1.26273255e+09	159
5.81283881e+01	2023-05-24T15:27:50.325069	-3.00000000e-01	-1.18140000e-10	2.53936008e+09	160
5.84984045e+01	2023-05-24T15:27:50.695064	-3.00000000e-01	-2.28360000e-10	1.31371519e+09	161
5.88805994e+01	2023-05-24T15:27:51.084957	-3.00000000e-01	-9.71200000e-11	3.08896211e+09	162
5.92456078e+01	2023-05-24T15:27:51.445075	-3.00000000e-01	-1.55100000e-10	1.93423598e+09	163
5.96210379e+01	2023-05-24T15:27:51.825155	-3.00000000e-01	-2.16750000e-10	1.38408304e+09	164
5.99867430e+01	2023-05-24T15:27:52.185687	-3.00000000e-01	1.28980000e-10	-2.32594201e+09	165
6.03582827e+01	2023-05-24T15:27:52.555881	-3.00000000e-01	-1.96890000e-10	1.52369343e+09	166
6.07299668e+01	2023-05-24T15:27:52.925879	-3.00000000e-01	-7.69400000e-11	3.89914219e+09	167
6.11016546e+01	2023-05-24T15:27:53.305776	-3.00000000e-01	-2.41900000e-10	1.24018189e+09	168
6.14713538e+01	2023-05-24T15:27:53.675764	-3.00000000e-01	4.52100000e-11	-6.63570007e+09	169
6.18413243e+01	2023-05-24T15:27:54.045735	-3.00000000e-01	-1.58390000e-10	1.89405897e+09	170
6.22214671e+01	2023-05-24T15:27:54.425769	-3.00000000e-01	-1.81860000e-10	1.64962059e+09	171
6.25908267e+01	2023-05-24T15:27:54.786219	-3.00000000e-01	-1.44010000e-10	2.08318867e+09	172
6.29620004e+01	2023-05-24T15:27:55.166420	-3.00000000e-01	-1.25880000e-10	2.38322212e+09	173
6.33324907e+01	2023-05-24T15:27:55.536783	-3.00000000e-01	-7.71300000e-11	3.88953715e+09	174
6.37003463e+01	2023-05-24T15:27:55.896946	-3.00000000e-01	-2.11080000e-10	1.42126208e+09	175
6.40825067e+01	2023-05-24T15:27:56.286822	-3.00000000e-01	-7.70000000e-11	3.89610390e+09	176
6.51003791e+01	2023-05-24T15:27:57.297356	-3.00000000e-01	-1.91420000e-10	1.56723435e+09	177
6.54703434e+01	2023-05-24T15:27:57.667364	-3.00000000e-01	-1.00670000e-10	2.98003377e+09	178
6.65034224e+01	2023-05-24T15:27:58.707632	-3.00000000e-01	-2.16490000e-10	1.38574530e+09	179
6.68705715e+01	2023-05-24T15:27:59.067993	-3.00000000e-01	-1.64640000e-10	1.82215743e+09	180
6.78991134e+01	2023-05-24T15:28:00.098444	-3.00000000e-01	-1.34070000e-10	2.23763706e+09	181
6.82739586e+01	2023-05-24T15:28:00.478289	-3.00000000e-01	-1.97660000e-10	1.51775777e+09	182
6.92935225e+01	2023-05-24T15:28:01.498520	-3.00000000e-01	-1.32140000e-10	2.27031936e+09	183
6.96740907e+01	2023-05-24T15:28:01.878530	-3.00000000e-01	-2.12110000e-10	1.41436047e+09	184
7.06922273e+01	2023-05-24T15:28:02.888652	-3.00000000e-01	-7.14500000e-11	4.19874038e+09	185
7.10742925e+01	2023-05-24T15:28:03.278736	-3.00000000e-01	-9.67360000e-10	3.10122395e+08	186
7.14372238e+01	2023-05-24T15:28:03.638860	-3.00000000e-01	-1.38390000e-10	2.16778669e+09	187
7.18062109e+01	2023-05-24T15:28:04.009101	-3.00000000e-01	-1.17960000e-10	2.54323499e+09	188
7.21832230e+01	2023-05-24T15:28:04.378979	-3.00000000e-01	-2.00820000e-10	1.49387511e+09	189
7.25565514e+01	2023-05-24T15:28:04.758992	-3.00000000e-01	1.98830000e-10	-1.50882664e+09	190
7.29246023e+01	2023-05-24T15:28:05.128983	-3.00000000e-01	-1.93020000e-10	1.55424308e+09	191
7.32937473e+01	2023-05-24T15:28:05.489107	-3.00000000e-01	-8.13200000e-11	3.68912937e+09	192
7.36745850e+01	2023-05-24T15:28:05.878989	-3.00000000e-01	-1.63680000e-10	1.83284457e+09	193
7.40373448e+01	2023-05-24T15:28:06.239114	-3.00000000e-01	-2.56000000e-11	1.17187500e+10	194
7.44074039e+01	2023-05-24T15:28:06.609116	-3.00000000e-01	-1.23300000e-10	2.43309002e+09	195
7.47804115e+01	2023-05-24T15:28:06.979117	-3.00000000e-01	-1.31110000e-10	2.28815498e+09	196
7.51527311e+01	2023-05-24T15:28:07.349116	-3.00000000e-01	-1.12530000e-10	2.66595575e+09	197
7.55245904e+01	2023-05-24T15:28:07.729000	-3.00000000e-01	-1.62650000e-10	1.84445128e+09	198
7.58948070e+01	2023-05-24T15:28:08.099163	-3.00000000e-01	-6.94500000e-11	4.31965443e+09	199
7.62747438e+01	2023-05-24T15:28:08.479165	-3.00000000e-01	-1.82440000e-10	1.64437623e+09	200
7.66448976e+01	2023-05-24T15:28:08.849167	-3.00000000e-01	-2.56740000e-10	1.16849731e+09	201
7.70106995e+01	2023-05-24T15:28:09.209453	-3.00000000e-01	-1.72700000e-10	1.73711639e+09	202
7.73793214e+01	2023-05-24T15:28:09.579458	-3.00000000e-01	-1.98440000e-10	1.51179198e+09	203
7.77556513e+01	2023-05-24T15:28:09.959304	-3.00000000e-01	-7.57700000e-11	3.95935067e+09	204
7.81259352e+01	2023-05-24T15:28:10.329307	-3.00000000e-01	5.01100000e-11	-5.98682898e+09	205
7.84947984e+01	2023-05-24T15:28:10.699305	-3.00000000e-01	-6.00400000e-11	4.99666889e+09	206
7.88675007e+01	2023-05-24T15:28:11.069463	-3.00000000e-01	-2.22230000e-10	1.34995275e+09	207
7.92449957e+01	2023-05-24T15:28:11.449543	-3.00000000e-01	-7.44800000e-11	4.02792696e+09	208
7.96151052e+01	2023-05-24T15:28:11.819526	-3.00000000e-01	-6.20400000e-11	4.83558994e+09	209
7.99879495e+01	2023-05-24T15:28:12.189543	-3.00000000e-01	-1.37750000e-10	2.17785844e+09	210
8.03511988e+01	2023-05-24T15:28:12.549675	-3.00000000e-01	-7.92600000e-11	3.78501136e+09	211
8.07244053e+01	2023-05-24T15:28:12.929544	-3.00000000e-01	-1.73740000e-10	1.72671808e+09	212
8.10970720e+01	2023-05-24T15:28:13.299670	-3.00000000e-01	-4.75900000e-11	6.30384535e+09	213
8.14709407e+01	2023-05-24T15:28:13.669562	-3.00000000e-01	-2.05530000e-10	1.45964093e+09	214
8.18450658e+01	2023-05-24T15:28:14.049582	-3.00000000e-01	-7.79000000e-11	3.85109114e+09	215
8.22150482e+01	2023-05-24T15:28:14.419564	-3.00000000e-01	-1.36100000e-11	2.20426157e+10	216
8.25803508e+01	2023-05-24T15:28:14.780160	-3.00000000e-01	-9.84100000e-11	3.04847068e+09	217
8.29555643e+01	2023-05-24T15:28:15.160002	-3.00000000e-01	-1.70960000e-10	1.75479644e+09	218
8.33233022e+01	2023-05-24T15:28:15.520160	-3.00000000e-01	-1.35940000e-10	2.20685597e+09	219
8.37056812e+01	2023-05-24T15:28:15.910243	-3.00000000e-01	1.47940000e-10	-2.02784913e+09	220
8.40685698e+01	2023-05-24T15:28:16.270356	-3.00000000e-01	-1.77090000e-10	1.69405387e+09	221
8.44373739e+01	2023-05-24T15:28:16.640385	-3.00000000e-01	-6.52000000e-11	4.60122699e+09	222
8.48129145e+01	2023-05-24T15:28:17.010250	-3.00000000e-01	-2.15090000e-10	1.39476498e+09	223
8.51829510e+01	2023-05-24T15:28:17.380356	-3.00000000e-01	-1.09000000e-12	2.75229358e+11	224
8.55520213e+01	2023-05-24T15:28:17.750382	-3.00000000e-01	-1.21950000e-10	2.46002460e+09	225
8.59312353e+01	2023-05-24T15:28:18.130259	-3.00000000e-01	-1.46910000e-10	2.04206657e+09	226
8.62953682e+01	2023-05-24T15:28:18.500252	-3.00000000e-01	-4.68200000e-11	6.40751815e+09	227
8.66757949e+01	2023-05-24T15:28:18.880263	-3.00000000e-01	-1.38720000e-10	2.16262976e+09	228
8.70418585e+01	2023-05-24T15:28:19.240390	-3.00000000e-01	-6.04300000e-11	4.96442164e+09	229
8.74119093e+01	2023-05-24T15:28:19.610567	-3.00000000e-01	-1.64970000e-10	1.81851246e+09	230
8.77859729e+01	2023-05-24T15:28:19.990467	-3.00000000e-01	2.05150000e-10	-1.46234463e+09	231
8.81534613e+01	2023-05-24T15:28:20.350593	-3.00000000e-01	-1.29820000e-10	2.31089200e+09	232
8.85312402e+01	2023-05-24T15:28:20.730438	-3.00000000e-01	-1.05830000e-10	2.83473495e+09	233
8.88960053e+01	2023-05-24T15:28:21.100469	-3.00000000e-01	-1.29110000e-10	2.32360003e+09	234
8.92759130e+01	2023-05-24T15:28:21.480472	-3.00000000e-01	-1.31500000e-11	2.28136882e+10	235
8.96458773e+01	2023-05-24T15:28:21.850445	-3.00000000e-01	-5.35900000e-11	5.59805934e+09	236
9.00131286e+01	2023-05-24T15:28:22.210611	-3.00000000e-01	-1.80510000e-10	1.66195779e+09	237
9.03811598e+01	2023-05-24T15:28:22.580609	-3.00000000e-01	-3.67600000e-11	8.16104461e+09	238
9.07533760e+01	2023-05-24T15:28:22.950799	-3.00000000e-01	-1.26720000e-10	2.36742424e+09	239
9.11262199e+01	2023-05-24T15:28:23.330993	-3.00000000e-01	-7.80300000e-11	3.84467512e+09	240
9.14964681e+01	2023-05-24T15:28:23.700993	-3.00000000e-01	-3.97900000e-11	7.53958281e+09	241
9.18694392e+01	2023-05-24T15:28:24.071541	-3.00000000e-01	-6.88700000e-11	4.35603311e+09	242
9.28973354e+01	2023-05-24T15:28:25.101853	-3.00000000e-01	-1.29620000e-10	2.31445765e+09	243
9.32695926e+01	2023-05-24T15:28:25.471967	-3.00000000e-01	-1.56000000e-11	1.92307692e+10	244
9.41764972e+01	2023-05-24T15:28:26.372056	-3.00000000e-01	-1.64710000e-10	1.82138304e+09	245
9.45434921e+01	2023-05-24T15:28:26.742189	-3.00000000e-01	-3.89500000e-11	7.70218228e+09	246
9.49176176e+01	2023-05-24T15:28:27.122249	-3.00000000e-01	-1.07890000e-10	2.78060988e+09	247
9.52852488e+01	2023-05-24T15:28:27.482399	-3.00000000e-01	-7.10700000e-11	4.22119038e+09	248
9.56604525e+01	2023-05-24T15:28:27.862590	-3.00000000e-01	-1.05380000e-10	2.84684001e+09	249
9.60444181e+01	2023-05-24T15:28:28.242458	-3.00000000e-01	-1.93000000e-12	1.55440415e+11	250
9.69345649e+01	2023-05-24T15:28:29.132560	-3.00000000e-01	-1.68260000e-10	1.78295495e+09	251
9.73079385e+01	2023-05-24T15:28:29.512460	-3.00000000e-01	-3.97900000e-11	7.53958281e+09	252
9.76754158e+01	2023-05-24T15:28:29.872585	-3.00000000e-01	-9.22800000e-11	3.25097529e+09	253
9.80478560e+01	2023-05-24T15:28:30.252433	-3.00000000e-01	-6.68100000e-11	4.49034576e+09	254
9.84279024e+01	2023-05-24T15:28:30.632467	-3.00000000e-01	-7.73200000e-11	3.87997931e+09	255
9.87978486e+01	2023-05-24T15:28:31.002470	-3.00000000e-01	-1.63220000e-10	1.83801005e+09	256
9.91614999e+01	2023-05-24T15:28:31.362595	-3.00000000e-01	-9.61000000e-12	3.12174818e+10	257
9.95363458e+01	2023-05-24T15:28:31.732584	-3.00000000e-01	-1.88050000e-10	1.59532039e+09	258
9.99044353e+01	2023-05-24T15:28:32.102612	-3.00000000e-01	-3.88200000e-11	7.72797527e+09	259
1.00277838e+02	2023-05-24T15:28:32.482480	-3.00000000e-01	1.10410000e-10	-2.71714519e+09	260
1.00649734e+02	2023-05-24T15:28:32.852781	-3.00000000e-01	-8.18400000e-11	3.66568915e+09	261
1.01020740e+02	2023-05-24T15:28:33.222682	-3.00000000e-01	-8.71900000e-11	3.44076156e+09	262
1.01398061e+02	2023-05-24T15:28:33.602679	-3.00000000e-01	-1.07830000e-10	2.78215710e+09	263
1.01778239e+02	2023-05-24T15:28:33.982859	-3.00000000e-01	9.92500000e-11	-3.02267003e+09	264
1.02133335e+02	2023-05-24T15:28:34.333127	-3.00000000e-01	-1.60720000e-10	1.86660030e+09	265
1.02505445e+02	2023-05-24T15:28:34.703251	-3.00000000e-01	-4.30100000e-11	6.97512206e+09	266
1.02879672e+02	2023-05-24T15:28:35.083152	-3.00000000e-01	-1.67420000e-10	1.79190061e+09	267
1.03248254e+02	2023-05-24T15:28:35.453129	-3.00000000e-01	1.36700000e-11	-2.19458669e+10	268
1.03624676e+02	2023-05-24T15:28:35.823141	-3.00000000e-01	-1.76510000e-10	1.69962042e+09	269
1.03991719e+02	2023-05-24T15:28:36.193141	-3.00000000e-01	-1.32850000e-10	2.25818592e+09	270
1.04362663e+02	2023-05-24T15:28:36.563269	-3.00000000e-01	-1.28140000e-10	2.34118932e+09	271
1.05269719e+02	2023-05-24T15:28:37.473364	-3.00000000e-01	-3.63700000e-11	8.24855650e+09	272
1.05638205e+02	2023-05-24T15:28:37.843579	-3.00000000e-01	-1.40270000e-10	2.13873244e+09	273
1.06014053e+02	2023-05-24T15:28:38.213589	-3.00000000e-01	-1.39900000e-11	2.14438885e+10	274
1.06383354e+02	2023-05-24T15:28:38.583560	-3.00000000e-01	-1.59030000e-10	1.88643652e+09	275
1.06756774e+02	2023-05-24T15:28:38.953718	-3.00000000e-01	-9.36400000e-11	3.20375908e+09	276
1.07126718e+02	2023-05-24T15:28:39.323841	-3.00000000e-01	-4.48200000e-11	6.69344043e+09	277
1.07496302e+02	2023-05-24T15:28:39.693839	-3.00000000e-01	-1.36520000e-10	2.19748022e+09	278
1.07879045e+02	2023-05-24T15:28:40.083691	-3.00000000e-01	-2.47600000e-11	1.21163166e+10	279
1.08239284e+02	2023-05-24T15:28:40.443849	-3.00000000e-01	-1.90500000e-10	1.57480315e+09	280
1.08614047e+02	2023-05-24T15:28:40.814051	-3.00000000e-01	2.39070000e-10	-1.25486259e+09	281
1.08985439e+02	2023-05-24T15:28:41.184152	-3.00000000e-01	-1.07500000e-10	2.79069767e+09	282
1.09356598e+02	2023-05-24T15:28:41.554311	-3.00000000e-01	-1.20920000e-10	2.48097916e+09	283
1.09727632e+02	2023-05-24T15:28:41.924308	-3.00000000e-01	-4.08200000e-11	7.34933856e+09	284
1.10098644e+02	2023-05-24T15:28:42.294511	-3.00000000e-01	3.42000000e-12	-8.77192982e+10	285
1.10466922e+02	2023-05-24T15:28:42.664706	-3.00000000e-01	-4.32700000e-11	6.93321008e+09	286
1.10839858e+02	2023-05-24T15:28:43.044587	-3.00000000e-01	-1.62190000e-10	1.84968247e+09	287
1.11212918e+02	2023-05-24T15:28:43.414909	-3.00000000e-01	-5.77900000e-11	5.19120955e+09	288
1.11590241e+02	2023-05-24T15:28:43.794755	-3.00000000e-01	-2.59900000e-11	1.15429011e+10	289
1.11958651e+02	2023-05-24T15:28:44.154790	-3.00000000e-01	-9.93800000e-11	3.01871604e+09	290
1.12326633e+02	2023-05-24T15:28:44.524915	-3.00000000e-01	-9.88000000e-11	3.03643725e+09	291
1.12697139e+02	2023-05-24T15:28:44.894924	-3.00000000e-01	-2.74100000e-11	1.09449106e+10	292
1.13724967e+02	2023-05-24T15:28:45.924926	-3.00000000e-01	-1.07320000e-10	2.79537831e+09	293
1.14100142e+02	2023-05-24T15:28:46.304795	-3.00000000e-01	-1.59300000e-11	1.88323917e+10	294
1.15123881e+02	2023-05-24T15:28:47.324812	-3.00000000e-01	-1.73740000e-10	1.72671808e+09	295
1.15497875e+02	2023-05-24T15:28:47.694817	-3.00000000e-01	-3.44400000e-11	8.71080139e+09	296
1.16523397e+02	2023-05-24T15:28:48.724993	-3.00000000e-01	-1.51230000e-10	1.98373339e+09	297
1.16892757e+02	2023-05-24T15:28:49.095150	-3.00000000e-01	1.53500000e-11	-1.95439739e+10	298
1.17920283e+02	2023-05-24T15:28:50.125264	-3.00000000e-01	-1.13190000e-10	2.65041081e+09	299
1.18289308e+02	2023-05-24T15:28:50.485403	-3.00000000e-01	-1.08080000e-10	2.77572169e+09	300
1.19317611e+02	2023-05-24T15:28:51.515837	-3.00000000e-01	-1.34920000e-10	2.22353988e+09	301
1.19690578e+02	2023-05-24T15:28:51.896023	-3.00000000e-01	-1.00410000e-10	2.98775022e+09	302
1.20719770e+02	2023-05-24T15:28:52.916406	-3.00000000e-01	-4.49500000e-11	6.67408231e+09	303
1.21089921e+02	2023-05-24T15:28:53.286535	-3.00000000e-01	-6.65220000e-10	4.50978624e+08	304
1.21461717e+02	2023-05-24T15:28:53.666412	-3.00000000e-01	-1.26860000e-10	2.36481160e+09	305
1.21831894e+02	2023-05-24T15:28:54.036575	-3.00000000e-01	-2.30200000e-11	1.30321460e+10	306
1.22201695e+02	2023-05-24T15:28:54.406600	-3.00000000e-01	-1.57620000e-10	1.90331176e+09	307
1.22581930e+02	2023-05-24T15:28:54.786580	-3.00000000e-01	2.25780000e-10	-1.32872708e+09	308
1.22944688e+02	2023-05-24T15:28:55.146740	-3.00000000e-01	-1.16480000e-10	2.57554945e+09	309
1.23317673e+02	2023-05-24T15:28:55.516746	-3.00000000e-01	-6.90700000e-11	4.34341972e+09	310
1.23690130e+02	2023-05-24T15:28:55.886936	-3.00000000e-01	-7.83600000e-11	3.82848392e+09	311
1.24059806e+02	2023-05-24T15:28:56.256933	-3.00000000e-01	-8.04200000e-11	3.73041532e+09	312
1.24442558e+02	2023-05-24T15:28:56.647004	-3.00000000e-01	-3.29500000e-11	9.10470410e+09	313
1.24820352e+02	2023-05-24T15:28:57.017199	-3.00000000e-01	-1.53360000e-10	1.95618153e+09	314
1.25173654e+02	2023-05-24T15:28:57.377357	-3.00000000e-01	-2.52800000e-11	1.18670886e+10	315
1.25552465e+02	2023-05-24T15:28:57.757246	-3.00000000e-01	-9.17700000e-11	3.26904217e+09	316
1.25922526e+02	2023-05-24T15:28:58.127246	-3.00000000e-01	-5.48200000e-11	5.47245531e+09	317
1.26292248e+02	2023-05-24T15:28:58.497256	-3.00000000e-01	-3.01200000e-11	9.96015936e+09	318
1.26662662e+02	2023-05-24T15:28:58.867467	-3.00000000e-01	-9.51900000e-11	3.15159155e+09	319
1.27042672e+02	2023-05-24T15:28:59.247503	-3.00000000e-01	-2.39200000e-11	1.25418060e+10	320
1.27402672e+02	2023-05-24T15:28:59.607472	-3.00000000e-01	-1.57810000e-10	1.90102021e+09	321
1.27775745e+02	2023-05-24T15:28:59.977632	-3.00000000e-01	-3.07600000e-11	9.75292588e+09	322
1.28152775e+02	2023-05-24T15:29:00.357477	-3.00000000e-01	8.90600000e-11	-3.36851561e+09	323
1.28519931e+02	2023-05-24T15:29:00.717810	-3.00000000e-01	-7.61000000e-11	3.94218134e+09	324
1.28892950e+02	2023-05-24T15:29:01.097714	-3.00000000e-01	-2.78600000e-11	1.07681263e+10	325
1.29260754e+02	2023-05-24T15:29:01.457845	-3.00000000e-01	-1.58190000e-10	1.89645363e+09	326
1.29651874e+02	2023-05-24T15:29:01.847711	-3.00000000e-01	5.83700000e-11	-5.13962652e+09	327
1.30008334e+02	2023-05-24T15:29:02.207686	-3.00000000e-01	-1.70520000e-10	1.75932442e+09	328
1.30379378e+02	2023-05-24T15:29:02.577824	-3.00000000e-01	-3.94000000e-11	7.61421320e+09	329
1.30762338e+02	2023-05-24T15:29:02.967717	-3.00000000e-01	-1.03510000e-10	2.89827070e+09	330
1.31122886e+02	2023-05-24T15:29:03.327733	-3.00000000e-01	-9.40900000e-11	3.18843660e+09	331
1.31492912e+02	2023-05-24T15:29:03.697728	-3.00000000e-01	-8.70000000e-12	3.44827586e+10	332
1.31862963e+02	2023-05-24T15:29:04.067730	-3.00000000e-01	-1.39750000e-10	2.14669052e+09	333
1.32252844e+02	2023-05-24T15:29:04.457699	-3.00000000e-01	2.51790000e-10	-1.19146908e+09	334
1.32611264e+02	2023-05-24T15:29:04.807737	-3.00000000e-01	-1.48460000e-10	2.02074633e+09	335
1.32974528e+02	2023-05-24T15:29:05.178050	-3.00000000e-01	-7.37100000e-11	4.07000407e+09	336
1.33349200e+02	2023-05-24T15:29:05.548291	-3.00000000e-01	-6.86800000e-11	4.36808387e+09	337
1.33718829e+02	2023-05-24T15:29:05.918292	-3.00000000e-01	5.90800000e-11	-5.07786053e+09	338
1.34091486e+02	2023-05-24T15:29:06.288282	-3.00000000e-01	-4.99200000e-11	6.00961538e+09	339
1.34463458e+02	2023-05-24T15:29:06.668169	-3.00000000e-01	-1.43040000e-10	2.09731544e+09	340
1.34830828e+02	2023-05-24T15:29:07.028301	-3.00000000e-01	-3.47600000e-11	8.63060990e+09	341
1.35213543e+02	2023-05-24T15:29:07.418452	-3.00000000e-01	-4.61700000e-11	6.49772580e+09	342
1.35580145e+02	2023-05-24T15:29:07.778399	-3.00000000e-01	-7.43600000e-11	4.03442711e+09	343
1.35948019e+02	2023-05-24T15:29:08.148584	-3.00000000e-01	-7.91300000e-11	3.79122962e+09	344
1.36323830e+02	2023-05-24T15:29:08.528585	-3.00000000e-01	-2.59900000e-11	1.15429011e+10	345
1.37346637e+02	2023-05-24T15:29:09.548915	-3.00000000e-01	-7.86200000e-11	3.81582295e+09	346
1.37723901e+02	2023-05-24T15:29:09.928797	-3.00000000e-01	-1.61200000e-11	1.86104218e+10	347
1.38621639e+02	2023-05-24T15:29:10.818929	-3.00000000e-01	-1.38470000e-10	2.16653427e+09	348
1.39003971e+02	2023-05-24T15:29:11.208769	-3.00000000e-01	-2.92100000e-11	1.02704553e+10	349
1.39370692e+02	2023-05-24T15:29:11.569002	-3.00000000e-01	-4.74000000e-11	6.32911392e+09	350
1.39744292e+02	2023-05-24T15:29:11.948999	-3.00000000e-01	-3.14700000e-11	9.53288847e+09	351
1.40112306e+02	2023-05-24T15:29:12.309170	-3.00000000e-01	-8.23500000e-11	3.64298725e+09	352
1.40483196e+02	2023-05-24T15:29:12.679333	-3.00000000e-01	-1.24270000e-10	2.41409833e+09	353
1.40854391e+02	2023-05-24T15:29:13.059211	-3.00000000e-01	-3.80000000e-13	7.89473684e+11	354
1.41222561e+02	2023-05-24T15:29:13.419334	-3.00000000e-01	-1.46780000e-10	2.04387519e+09	355
1.41595405e+02	2023-05-24T15:29:13.799561	-3.00000000e-01	-3.41800000e-11	8.77706261e+09	356
1.41974455e+02	2023-05-24T15:29:14.179404	-3.00000000e-01	1.93220000e-10	-1.55263430e+09	357
1.42341499e+02	2023-05-24T15:29:14.539663	-3.00000000e-01	-6.39800000e-11	4.68896530e+09	358
1.42715274e+02	2023-05-24T15:29:14.920067	-3.00000000e-01	-3.48900000e-11	8.59845228e+09	359
1.43082288e+02	2023-05-24T15:29:15.280466	-3.00000000e-01	-1.52320000e-10	1.96953782e+09	360
1.43455399e+02	2023-05-24T15:29:15.660340	-3.00000000e-01	1.28020000e-10	-2.34338385e+09	361
1.43823444e+02	2023-05-24T15:29:16.020469	-3.00000000e-01	-1.39360000e-10	2.15269805e+09	362
1.44205541e+02	2023-05-24T15:29:16.410342	-3.00000000e-01	-2.95300000e-11	1.01591602e+10	363
1.44565348e+02	2023-05-24T15:29:16.770593	-3.00000000e-01	-1.20080000e-10	2.49833444e+09	364
1.44955496e+02	2023-05-24T15:29:17.160567	-3.00000000e-01	-4.34600000e-11	6.90289922e+09	365
1.45310968e+02	2023-05-24T15:29:17.510842	-3.00000000e-01	-5.44300000e-11	5.51166636e+09	366
1.45680633e+02	2023-05-24T15:29:17.880962	-3.00000000e-01	-1.59740000e-10	1.87805183e+09	367
1.46056122e+02	2023-05-24T15:29:18.260840	-3.00000000e-01	-8.23500000e-11	3.64298725e+09	368
1.47095979e+02	2023-05-24T15:29:19.300839	-3.00000000e-01	-7.98400000e-11	3.75751503e+09	369
1.47454450e+02	2023-05-24T15:29:19.650854	-3.00000000e-01	-1.15820000e-10	2.59022621e+09	370
1.48477505e+02	2023-05-24T15:29:20.681184	-3.00000000e-01	-3.88900000e-11	7.71406531e+09	371
1.48856135e+02	2023-05-24T15:29:21.061049	-3.00000000e-01	-1.33240000e-10	2.25157610e+09	372
1.49875378e+02	2023-05-24T15:29:22.071603	-3.00000000e-01	-3.28200000e-11	9.14076782e+09	373
1.50248342e+02	2023-05-24T15:29:22.451854	-3.00000000e-01	-8.00300000e-11	3.74859428e+09	374
1.51157534e+02	2023-05-24T15:29:23.362430	-3.00000000e-01	1.10000000e-12	-2.72727273e+11	375
1.51538341e+02	2023-05-24T15:29:23.742399	-3.00000000e-01	-1.39100000e-10	2.15672178e+09	376
1.51896422e+02	2023-05-24T15:29:24.092552	-3.00000000e-01	3.08300000e-11	-9.73078171e+09	377
1.52265401e+02	2023-05-24T15:29:24.462776	-3.00000000e-01	-1.23310000e-10	2.43289271e+09	378
1.52640805e+02	2023-05-24T15:29:24.842971	-3.00000000e-01	-5.12000000e-11	5.85937500e+09	379
1.53017854e+02	2023-05-24T15:29:25.222852	-3.00000000e-01	-1.06210000e-10	2.82459279e+09	380
1.53918047e+02	2023-05-24T15:29:26.123047	-3.00000000e-01	-3.74000000e-11	8.02139037e+09	381
1.54285504e+02	2023-05-24T15:29:26.483387	-3.00000000e-01	-1.39370000e-10	2.15254359e+09	382
1.54658266e+02	2023-05-24T15:29:26.863232	-3.00000000e-01	5.08900000e-11	-5.89506779e+09	383
1.55027310e+02	2023-05-24T15:29:27.223590	-3.00000000e-01	-1.06410000e-10	2.81928390e+09	384
1.55408558e+02	2023-05-24T15:29:27.613490	-3.00000000e-01	-7.61000000e-11	3.94218134e+09	385
1.55771927e+02	2023-05-24T15:29:27.973483	-3.00000000e-01	-8.76400000e-11	3.42309448e+09	386
1.56675993e+02	2023-05-24T15:29:28.874028	-3.00000000e-01	-1.07700000e-11	2.78551532e+10	387
1.57048354e+02	2023-05-24T15:29:29.253905	-3.00000000e-01	-1.32400000e-10	2.26586103e+09	388
1.57418351e+02	2023-05-24T15:29:29.623909	-3.00000000e-01	1.92800000e-11	-1.55601660e+10	389
1.57798881e+02	2023-05-24T15:29:30.003915	-3.00000000e-01	-9.68600000e-11	3.09725377e+09	390
1.58168975e+02	2023-05-24T15:29:30.373883	-3.00000000e-01	-5.61700000e-11	5.34092932e+09	391
1.58533929e+02	2023-05-24T15:29:30.734036	-3.00000000e-01	-4.72100000e-11	6.35458589e+09	392
1.58909186e+02	2023-05-24T15:29:31.114130	-3.00000000e-01	-9.35100000e-11	3.20821303e+09	393
1.59277436e+02	2023-05-24T15:29:31.474260	-3.00000000e-01	-9.54000000e-12	3.14465409e+10	394
1.59649917e+02	2023-05-24T15:29:31.854109	-3.00000000e-01	-1.42650000e-10	2.10304942e+09	395
1.60020044e+02	2023-05-24T15:29:32.224137	-3.00000000e-01	3.03880000e-10	-9.87231802e+08	396
1.60399080e+02	2023-05-24T15:29:32.604141	-3.00000000e-01	-1.04030000e-10	2.88378352e+09	397
1.60769195e+02	2023-05-24T15:29:32.974113	-3.00000000e-01	-4.77200000e-11	6.28667225e+09	398
1.61135112e+02	2023-05-24T15:29:33.334470	-3.00000000e-01	-3.38600000e-11	8.86001181e+09	399
1.61505434e+02	2023-05-24T15:29:33.704860	-3.00000000e-01	5.90800000e-11	-5.07786053e+09	400
1.61879827e+02	2023-05-24T15:29:34.084743	-3.00000000e-01	-2.06300000e-11	1.45419292e+10	401
1.62247481e+02	2023-05-24T15:29:34.444859	-3.00000000e-01	-1.44850000e-10	2.07110804e+09	402
1.62620127e+02	2023-05-24T15:29:34.825061	-3.00000000e-01	-1.45100000e-11	2.06753963e+10	403
1.62997394e+02	2023-05-24T15:29:35.194939	-3.00000000e-01	-5.32100000e-11	5.63803796e+09	404
1.63369970e+02	2023-05-24T15:29:35.574909	-3.00000000e-01	-6.14600000e-11	4.88122356e+09	405
1.63750272e+02	2023-05-24T15:29:35.955132	-3.00000000e-01	-5.82300000e-11	5.15198351e+09	406
1.64105420e+02	2023-05-24T15:29:36.305278	-3.00000000e-01	6.06000000e-12	-4.95049505e+10	407
1.65136015e+02	2023-05-24T15:29:37.335270	-3.00000000e-01	-9.48100000e-11	3.16422318e+09	408
1.65504462e+02	2023-05-24T15:29:37.705288	-3.00000000e-01	-3.55000000e-12	8.45070423e+10	409
1.66410074e+02	2023-05-24T15:29:38.615160	-3.00000000e-01	-1.23570000e-10	2.42777373e+09	410
1.66780331e+02	2023-05-24T15:29:38.985365	-3.00000000e-01	-9.16000000e-12	3.27510917e+10	411
1.67160277e+02	2023-05-24T15:29:39.365328	-3.00000000e-01	-8.24800000e-11	3.63724539e+09	412
1.67523433e+02	2023-05-24T15:29:39.725503	-3.00000000e-01	-3.10800000e-11	9.65250965e+09	413
1.67900340e+02	2023-05-24T15:29:40.105337	-3.00000000e-01	-1.04610000e-10	2.86779467e+09	414
1.68270257e+02	2023-05-24T15:29:40.475376	-3.00000000e-01	-7.61000000e-11	3.94218134e+09	415
1.68640815e+02	2023-05-24T15:29:40.845757	-3.00000000e-01	2.27700000e-11	-1.31752306e+10	416
1.69020594e+02	2023-05-24T15:29:41.225725	-3.00000000e-01	-1.17380000e-10	2.55580167e+09	417
1.69380297e+02	2023-05-24T15:29:41.585758	-3.00000000e-01	-2.04400000e-11	1.46771037e+10	418
1.69758197e+02	2023-05-24T15:29:41.955902	-3.00000000e-01	2.12580000e-10	-1.41123342e+09	419
1.70127369e+02	2023-05-24T15:29:42.325739	-3.00000000e-01	-2.85700000e-11	1.05005250e+10	420
1.70495724e+02	2023-05-24T15:29:42.695744	-3.00000000e-01	-8.12600000e-11	3.69185331e+09	421
1.70870672e+02	2023-05-24T15:29:43.075796	-3.00000000e-01	-6.29400000e-11	4.76644423e+09	422
1.71238192e+02	2023-05-24T15:29:43.435912	-3.00000000e-01	1.14800000e-10	-2.61324042e+09	423
1.71620643e+02	2023-05-24T15:29:43.825797	-3.00000000e-01	-1.22280000e-10	2.45338567e+09	424
1.71989458e+02	2023-05-24T15:29:44.185765	-3.00000000e-01	-1.56100000e-11	1.92184497e+10	425
1.72352420e+02	2023-05-24T15:29:44.555938	-3.00000000e-01	-1.29430000e-10	2.31785521e+09	426
1.72730820e+02	2023-05-24T15:29:44.935968	-3.00000000e-01	4.08200000e-11	-7.34933856e+09	427
1.73095323e+02	2023-05-24T15:29:45.296147	-3.00000000e-01	-1.04670000e-10	2.86615076e+09	428
1.73468125e+02	2023-05-24T15:29:45.666138	-3.00000000e-01	-6.46200000e-11	4.64252553e+09	429
1.73838312e+02	2023-05-24T15:29:46.036150	-3.00000000e-01	-1.05960000e-10	2.83125708e+09	430
1.74749155e+02	2023-05-24T15:29:46.946027	-3.00000000e-01	-1.50300000e-11	1.99600798e+10	431
1.75120928e+02	2023-05-24T15:29:47.326032	-3.00000000e-01	-1.29040000e-10	2.32486051e+09	432
1.75488520e+02	2023-05-24T15:29:47.686159	-3.00000000e-01	2.47000000e-11	-1.21457490e+10	433
1.75860687e+02	2023-05-24T15:29:48.066268	-3.00000000e-01	-8.96400000e-11	3.34672021e+09	434
1.76231756e+02	2023-05-24T15:29:48.436264	-3.00000000e-01	-8.84200000e-11	3.39289753e+09	435
1.76600433e+02	2023-05-24T15:29:48.806261	-3.00000000e-01	-1.54100000e-11	1.94678780e+10	436
1.76977513e+02	2023-05-24T15:29:49.176236	-3.00000000e-01	-8.08000000e-11	3.71287129e+09	437
1.77351166e+02	2023-05-24T15:29:49.556239	-3.00000000e-01	-2.12800000e-11	1.40977444e+10	438
1.77724640e+02	2023-05-24T15:29:49.926277	-3.00000000e-01	-1.31500000e-10	2.28136882e+09	439
1.78084773e+02	2023-05-24T15:29:50.286406	-3.00000000e-01	3.12930000e-10	-9.58680855e+08	440
1.78461135e+02	2023-05-24T15:29:50.666256	-3.00000000e-01	-9.05500000e-11	3.31308669e+09	441
1.78831264e+02	2023-05-24T15:29:51.036521	-3.00000000e-01	-4.02400000e-11	7.45526839e+09	442
1.79201377e+02	2023-05-24T15:29:51.406492	-3.00000000e-01	-5.39800000e-11	5.55761393e+09	443
1.79581339e+02	2023-05-24T15:29:51.786527	-3.00000000e-01	3.01200000e-11	-9.96015936e+09	444
1.79951673e+02	2023-05-24T15:29:52.156737	-3.00000000e-01	-2.19000000e-12	1.36986301e+11	445
1.80321524e+02	2023-05-24T15:29:52.526770	-3.00000000e-01	-1.25050000e-10	2.39904038e+09	446
1.80689223e+02	2023-05-24T15:29:52.886896	-3.00000000e-01	-8.19000000e-12	3.66300366e+10	447
1.81059028e+02	2023-05-24T15:29:53.256901	-3.00000000e-01	-5.81700000e-11	5.15729758e+09	448
1.81431495e+02	2023-05-24T15:29:53.636772	-3.00000000e-01	-3.44400000e-11	8.71080139e+09	449
1.81812083e+02	2023-05-24T15:29:54.017171	-3.00000000e-01	-2.14700000e-11	1.39729856e+10	450
1.82182032e+02	2023-05-24T15:29:54.387169	-3.00000000e-01	-5.67000000e-12	5.29100529e+10	451
1.83200252e+02	2023-05-24T15:29:55.397316	-3.00000000e-01	-1.00090000e-10	2.99730243e+09	452
1.83582965e+02	2023-05-24T15:29:55.787208	-3.00000000e-01	8.51000000e-12	-3.52526439e+10	453
1.84600859e+02	2023-05-24T15:29:56.797320	-3.00000000e-01	-1.25890000e-10	2.38303281e+09	454
1.84982097e+02	2023-05-24T15:29:57.187376	-3.00000000e-01	-2.53400000e-11	1.18389897e+10	455
1.85874747e+02	2023-05-24T15:29:58.077544	-3.00000000e-01	-1.38330000e-10	2.16872696e+09	456
1.86252332e+02	2023-05-24T15:29:58.457603	-3.00000000e-01	-2.56700000e-11	1.16867939e+10	457
1.86622302e+02	2023-05-24T15:29:58.827653	-3.00000000e-01	-7.10000000e-11	4.22535211e+09	458
1.86992338e+02	2023-05-24T15:29:59.197613	-3.00000000e-01	-1.90000000e-13	1.57894737e+12	459
1.87360045e+02	2023-05-24T15:29:59.557776	-3.00000000e-01	-8.07500000e-11	3.71517028e+09	460
1.87732176e+02	2023-05-24T15:29:59.937649	-3.00000000e-01	-5.16000000e-12	5.81395349e+10	461
1.88636290e+02	2023-05-24T15:30:00.838282	-3.00000000e-01	-1.16470000e-10	2.57577058e+09	462
1.89008316e+02	2023-05-24T15:30:01.208278	-3.00000000e-01	-4.71000000e-12	6.36942675e+10	463
1.89383394e+02	2023-05-24T15:30:01.588151	-3.00000000e-01	-7.03600000e-11	4.26378624e+09	464
1.89752818e+02	2023-05-24T15:30:01.958153	-3.00000000e-01	-1.48300000e-11	2.02292650e+10	465
1.90122382e+02	2023-05-24T15:30:02.328149	-3.00000000e-01	-9.84800000e-11	3.04630382e+09	466
1.90502804e+02	2023-05-24T15:30:02.708157	-3.00000000e-01	-8.28700000e-11	3.62012791e+09	467
1.90865975e+02	2023-05-24T15:30:03.068303	-3.00000000e-01	1.60600000e-11	-1.86799502e+10	468
1.91242740e+02	2023-05-24T15:30:03.448139	-3.00000000e-01	-1.30080000e-10	2.30627306e+09	469
1.91611097e+02	2023-05-24T15:30:03.808302	-3.00000000e-01	-3.56600000e-11	8.41278744e+09	470
1.91980437e+02	2023-05-24T15:30:04.178347	-3.00000000e-01	2.23090000e-10	-1.34474876e+09	471
1.92352376e+02	2023-05-24T15:30:04.558380	-3.00000000e-01	1.55000000e-12	-1.93548387e+11	472
1.92722957e+02	2023-05-24T15:30:04.928388	-3.00000000e-01	-7.81000000e-11	3.84122919e+09	473
1.93095892e+02	2023-05-24T15:30:05.298524	-3.00000000e-01	-4.46300000e-11	6.72193592e+09	474
1.93466592e+02	2023-05-24T15:30:05.668404	-3.00000000e-01	9.73200000e-11	-3.08261406e+09	475
1.93838756e+02	2023-05-24T15:30:06.038530	-3.00000000e-01	-9.06800000e-11	3.30833701e+09	476
1.94212978e+02	2023-05-24T15:30:06.418412	-3.00000000e-01	-1.90200000e-11	1.57728707e+10	477
1.94583044e+02	2023-05-24T15:30:06.788416	-3.00000000e-01	-1.33490000e-10	2.24735935e+09	478
1.94952194e+02	2023-05-24T15:30:07.148737	-3.00000000e-01	4.59200000e-11	-6.53310105e+09	479
1.95340182e+02	2023-05-24T15:30:07.538620	-3.00000000e-01	-1.06920000e-10	2.80583614e+09	480
1.95703223e+02	2023-05-24T15:30:07.908592	-3.00000000e-01	-5.72700000e-11	5.23834468e+09	481
1.96066685e+02	2023-05-24T15:30:08.268968	-3.00000000e-01	-8.71900000e-11	3.44076156e+09	482
1.96971565e+02	2023-05-24T15:30:09.168960	-3.00000000e-01	-1.04500000e-11	2.87081340e+10	483
1.97343719e+02	2023-05-24T15:30:09.548970	-3.00000000e-01	-1.24410000e-10	2.41138172e+09	484
1.97723357e+02	2023-05-24T15:30:09.928818	-3.00000000e-01	2.36700000e-11	-1.26742712e+10	485
1.98091741e+02	2023-05-24T15:30:10.288825	-3.00000000e-01	-9.57100000e-11	3.13446871e+09	486
1.98463378e+02	2023-05-24T15:30:10.668828	-3.00000000e-01	-5.15900000e-11	5.81508044e+09	487
1.98833462e+02	2023-05-24T15:30:11.038832	-3.00000000e-01	-2.78000000e-11	1.07913669e+10	488
1.99203253e+02	2023-05-24T15:30:11.408875	-3.00000000e-01	-9.55100000e-11	3.14103235e+09	489
1.99573488e+02	2023-05-24T15:30:11.778881	-3.00000000e-01	-9.48000000e-12	3.16455696e+10	490
1.99948198e+02	2023-05-24T15:30:12.148848	-3.00000000e-01	-1.30540000e-10	2.29814616e+09	491
2.00315253e+02	2023-05-24T15:30:12.519028	-3.00000000e-01	3.26450000e-10	-9.18976872e+08	492
2.00684585e+02	2023-05-24T15:30:12.889014	-3.00000000e-01	-6.19100000e-11	4.84574382e+09	493
2.01061486e+02	2023-05-24T15:30:13.258862	-3.00000000e-01	-5.26900000e-11	5.69368002e+09	494
2.01429255e+02	2023-05-24T15:30:13.629035	-3.00000000e-01	-5.32100000e-11	5.63803796e+09	495
2.01813338e+02	2023-05-24T15:30:14.018900	-3.00000000e-01	1.67100000e-11	-1.79533214e+10	496
2.02170794e+02	2023-05-24T15:30:14.369033	-3.00000000e-01	-9.09000000e-12	3.30033003e+10	497
2.02543406e+02	2023-05-24T15:30:14.748892	-3.00000000e-01	-1.25370000e-10	2.39291697e+09	498
2.02923462e+02	2023-05-24T15:30:15.128917	-3.00000000e-01	-1.51500000e-11	1.98019802e+10	499
2.03285874e+02	2023-05-24T15:30:15.489050	-3.00000000e-01	-6.15900000e-11	4.87092060e+09	500
2.03658939e+02	2023-05-24T15:30:15.859052	-3.00000000e-01	-3.09500000e-11	9.69305331e+09	501
2.04033451e+02	2023-05-24T15:30:16.238930	-3.00000000e-01	-6.68100000e-11	4.49034576e+09	502
2.04401536e+02	2023-05-24T15:30:16.599067	-3.00000000e-01	-4.84000000e-12	6.19834711e+10	503
2.05433923e+02	2023-05-24T15:30:17.639404	-3.00000000e-01	-6.77200000e-11	4.43000591e+09	504
2.05801707e+02	2023-05-24T15:30:17.999539	-3.00000000e-01	2.87600000e-11	-1.04311544e+10	505
2.06713875e+02	2023-05-24T15:30:18.919395	-3.00000000e-01	-1.12990000e-10	2.65510222e+09	506
2.07081650e+02	2023-05-24T15:30:19.279433	-3.00000000e-01	2.52000000e-12	-1.19047619e+11	507
2.07445672e+02	2023-05-24T15:30:19.649702	-3.00000000e-01	-7.22300000e-11	4.15339886e+09	508
2.07823971e+02	2023-05-24T15:30:20.029581	-3.00000000e-01	-3.22500000e-11	9.30232558e+09	509
2.08191667e+02	2023-05-24T15:30:20.389712	-3.00000000e-01	-7.95100000e-11	3.77311030e+09	510
2.08564419e+02	2023-05-24T15:30:20.769596	-3.00000000e-01	2.65700000e-11	-1.12909296e+10	511
2.09589798e+02	2023-05-24T15:30:21.789573	-3.00000000e-01	-1.38980000e-10	2.15858397e+09	512
2.09963943e+02	2023-05-24T15:30:22.169609	-3.00000000e-01	-1.42500000e-11	2.10526316e+10	513
2.10864151e+02	2023-05-24T15:30:23.069817	-3.00000000e-01	-6.33900000e-11	4.73260767e+09	514
2.11236850e+02	2023-05-24T15:30:23.439951	-3.00000000e-01	-2.10900000e-11	1.42247511e+10	515
2.11614139e+02	2023-05-24T15:30:23.819826	-3.00000000e-01	-7.44900000e-11	4.02738623e+09	516
2.11978704e+02	2023-05-24T15:30:24.179956	-3.00000000e-01	1.61000000e-12	-1.86335404e+11	517
2.12351179e+02	2023-05-24T15:30:24.550195	-3.00000000e-01	-9.04200000e-11	3.31785003e+09	518
2.12724738e+02	2023-05-24T15:30:24.930320	-3.00000000e-01	2.72200000e-11	-1.10213079e+10	519
2.13627573e+02	2023-05-24T15:30:25.830676	-3.00000000e-01	-1.24340000e-10	2.41273926e+09	520
2.14001667e+02	2023-05-24T15:30:26.200556	-3.00000000e-01	-6.90000000e-12	4.34782609e+10	521
2.14385332e+02	2023-05-24T15:30:26.590526	-3.00000000e-01	-4.78500000e-11	6.26959248e+09	522
2.14744953e+02	2023-05-24T15:30:26.950563	-3.00000000e-01	3.20000000e-13	-9.37500000e+11	523
2.15112644e+02	2023-05-24T15:30:27.310694	-3.00000000e-01	-7.04900000e-11	4.25592283e+09	524
2.15494933e+02	2023-05-24T15:30:27.700541	-3.00000000e-01	-3.89500000e-11	7.70218228e+09	525
2.15854779e+02	2023-05-24T15:30:28.060546	-3.00000000e-01	-4.94000000e-11	6.07287449e+09	526
2.16227495e+02	2023-05-24T15:30:28.430583	-3.00000000e-01	-8.73200000e-11	3.43563903e+09	527
2.16597796e+02	2023-05-24T15:30:28.800711	-3.00000000e-01	-1.33500000e-11	2.24719101e+10	528
2.16974836e+02	2023-05-24T15:30:29.180594	-3.00000000e-01	1.98770000e-10	-1.50928208e+09	529
2.17342500e+02	2023-05-24T15:30:29.540725	-3.00000000e-01	1.41300000e-11	-2.12314225e+10	530
2.17714962e+02	2023-05-24T15:30:29.920816	-3.00000000e-01	-1.15960000e-10	2.58709900e+09	531
2.18085325e+02	2023-05-24T15:30:30.290817	-3.00000000e-01	6.00000000e-12	-5.00000000e+10	532
2.18454615e+02	2023-05-24T15:30:30.660813	-3.00000000e-01	8.12700000e-11	-3.69139904e+09	533
2.18835161e+02	2023-05-24T15:30:31.040827	-3.00000000e-01	-9.48100000e-11	3.16422318e+09	534
2.19201079e+02	2023-05-24T15:30:31.400831	-3.00000000e-01	5.20000000e-13	-5.76923077e+11	535
2.19569617e+02	2023-05-24T15:30:31.770973	-3.00000000e-01	-1.09700000e-10	2.73473108e+09	536
2.19945144e+02	2023-05-24T15:30:32.150842	-3.00000000e-01	5.05000000e-11	-5.94059406e+09	537
2.20312578e+02	2023-05-24T15:30:32.510965	-3.00000000e-01	-1.20860000e-10	2.48221082e+09	538
2.20685398e+02	2023-05-24T15:30:32.890973	-3.00000000e-01	-1.78000000e-11	1.68539326e+10	539
2.21055563e+02	2023-05-24T15:30:33.261244	-3.00000000e-01	-5.73300000e-11	5.23286238e+09	540
2.21964322e+02	2023-05-24T15:30:34.161621	-3.00000000e-01	2.32800000e-11	-1.28865979e+10	541
2.22335680e+02	2023-05-24T15:30:34.541519	-3.00000000e-01	-1.15380000e-10	2.60010400e+09	542
2.22706802e+02	2023-05-24T15:30:34.912046	-3.00000000e-01	6.22400000e-11	-4.82005141e+09	543
2.23074403e+02	2023-05-24T15:30:35.272298	-3.00000000e-01	-1.23050000e-10	2.43803332e+09	544
2.23456303e+02	2023-05-24T15:30:35.662152	-3.00000000e-01	1.94000000e-12	-1.54639175e+11	545
2.23818449e+02	2023-05-24T15:30:36.022315	-3.00000000e-01	-1.04740000e-10	2.86423525e+09	546
2.24191546e+02	2023-05-24T15:30:36.392320	-3.00000000e-01	-5.13400000e-11	5.84339696e+09	547
2.24566529e+02	2023-05-24T15:30:36.772167	-3.00000000e-01	1.06400000e-11	-2.81954887e+10	548
2.24943380e+02	2023-05-24T15:30:37.142346	-3.00000000e-01	-1.17830000e-10	2.54604091e+09	549
2.25306677e+02	2023-05-24T15:30:37.512384	-3.00000000e-01	3.49690000e-10	-8.57902714e+08	550
2.25676823e+02	2023-05-24T15:30:37.882600	-3.00000000e-01	-9.96400000e-11	3.01083902e+09	551
2.26046641e+02	2023-05-24T15:30:38.252595	-3.00000000e-01	-2.43100000e-11	1.23406006e+10	552
2.26427024e+02	2023-05-24T15:30:38.632770	-3.00000000e-01	-7.43000000e-11	4.03768506e+09	553
2.26790418e+02	2023-05-24T15:30:38.993121	-3.00000000e-01	1.17630000e-10	-2.55036980e+09	554
2.27160709e+02	2023-05-24T15:30:39.363147	-3.00000000e-01	-6.23600000e-11	4.81077614e+09	555
2.27534380e+02	2023-05-24T15:30:39.733131	-3.00000000e-01	-8.23600000e-11	3.64254492e+09	556
2.27907326e+02	2023-05-24T15:30:40.113231	-3.00000000e-01	-9.67000000e-12	3.10237849e+10	557
2.28275420e+02	2023-05-24T15:30:40.473564	-3.00000000e-01	-8.35800000e-11	3.58937545e+09	558
2.28648527e+02	2023-05-24T15:30:40.853799	-3.00000000e-01	8.40000000e-13	-3.57142857e+11	559
2.29014986e+02	2023-05-24T15:30:41.213816	-3.00000000e-01	-1.28730000e-10	2.33045910e+09	560
2.29392752e+02	2023-05-24T15:30:41.593809	-3.00000000e-01	2.61200000e-11	-1.14854518e+10	561
2.30295362e+02	2023-05-24T15:30:42.494069	-3.00000000e-01	-6.91400000e-11	4.33902227e+09	562
2.30678119e+02	2023-05-24T15:30:42.883916	-3.00000000e-01	-1.64400000e-11	1.82481752e+10	563
2.31037348e+02	2023-05-24T15:30:43.243949	-3.00000000e-01	-4.89500000e-11	6.12870276e+09	564
2.31418124e+02	2023-05-24T15:30:43.623959	-3.00000000e-01	-6.77000000e-12	4.43131462e+10	565
2.31780757e+02	2023-05-24T15:30:43.984102	-3.00000000e-01	-7.95200000e-11	3.77263581e+09	566
2.32154194e+02	2023-05-24T15:30:44.354204	-3.00000000e-01	-1.34100000e-11	2.23713647e+10	567
2.32525725e+02	2023-05-24T15:30:44.724205	-3.00000000e-01	-7.11300000e-11	4.21762969e+09	568
2.32898485e+02	2023-05-24T15:30:45.104422	-3.00000000e-01	-1.18670000e-10	2.52801888e+09	569
2.33266697e+02	2023-05-24T15:30:45.464797	-3.00000000e-01	2.30300000e-11	-1.30264872e+10	570
2.33639084e+02	2023-05-24T15:30:45.844812	-3.00000000e-01	2.30830000e-10	-1.29965776e+09	571
2.34018672e+02	2023-05-24T15:30:46.224681	-3.00000000e-01	9.10000000e-12	-3.29670330e+10	572
2.34387724e+02	2023-05-24T15:30:46.584686	-3.00000000e-01	-1.36600000e-10	2.19619327e+09	573
2.34755658e+02	2023-05-24T15:30:46.954817	-3.00000000e-01	-5.29000000e-12	5.67107750e+10	574
2.35128704e+02	2023-05-24T15:30:47.334696	-3.00000000e-01	6.73300000e-11	-4.45566612e+09	575
2.35496665e+02	2023-05-24T15:30:47.694824	-3.00000000e-01	-1.08030000e-10	2.77700639e+09	576
2.35878693e+02	2023-05-24T15:30:48.084705	-3.00000000e-01	4.02500000e-11	-7.45341615e+09	577
2.36238672e+02	2023-05-24T15:30:48.444676	-3.00000000e-01	-1.10930000e-10	2.70440819e+09	578
2.36611595e+02	2023-05-24T15:30:48.814839	-3.00000000e-01	5.61100000e-11	-5.34664053e+09	579
2.36978454e+02	2023-05-24T15:30:49.184717	-3.00000000e-01	-1.20930000e-10	2.48077400e+09	580
2.37354670e+02	2023-05-24T15:30:49.554691	-3.00000000e-01	-2.85700000e-11	1.05005250e+10	581
2.37724761e+02	2023-05-24T15:30:49.924853	-3.00000000e-01	-1.34650000e-10	2.22799851e+09	582
2.38759675e+02	2023-05-24T15:30:50.965616	-3.00000000e-01	1.32200000e-11	-2.26928896e+10	583
2.39123970e+02	2023-05-24T15:30:51.325622	-3.00000000e-01	-6.76500000e-11	4.43458980e+09	584
2.40152034e+02	2023-05-24T15:30:52.356060	-3.00000000e-01	6.58000000e-12	-4.55927052e+10	585
2.40523222e+02	2023-05-24T15:30:52.726065	-3.00000000e-01	-4.78500000e-11	6.26959248e+09	586
2.41550002e+02	2023-05-24T15:30:53.756081	-3.00000000e-01	-4.90800000e-11	6.11246944e+09	587
2.41924974e+02	2023-05-24T15:30:54.126206	-3.00000000e-01	7.42000000e-12	-4.04312668e+10	588
2.42948338e+02	2023-05-24T15:30:55.146209	-3.00000000e-01	-8.91300000e-11	3.36587008e+09	589
2.43320007e+02	2023-05-24T15:30:55.526100	-3.00000000e-01	1.70900000e-11	-1.75541252e+10	590
2.44222666e+02	2023-05-24T15:30:56.426296	-3.00000000e-01	-1.24410000e-10	2.41138172e+09	591
2.44600042e+02	2023-05-24T15:30:56.806162	-3.00000000e-01	4.39000000e-12	-6.83371298e+10	592
2.44967603e+02	2023-05-24T15:30:57.166301	-3.00000000e-01	-8.70000000e-11	3.44827586e+09	593
2.45340197e+02	2023-05-24T15:30:57.546288	-3.00000000e-01	1.36100000e-11	-2.20426157e+10	594
2.45708343e+02	2023-05-24T15:30:57.906453	-3.00000000e-01	-8.70700000e-11	3.44550362e+09	595
2.46081332e+02	2023-05-24T15:30:58.286455	-3.00000000e-01	2.45700000e-11	-1.22100122e+10	596
2.46990706e+02	2023-05-24T15:30:59.196726	-3.00000000e-01	-1.11190000e-10	2.69808436e+09	597
2.47360662e+02	2023-05-24T15:30:59.566735	-3.00000000e-01	-7.93000000e-12	3.78310214e+10	598
2.47732394e+02	2023-05-24T15:30:59.936923	-3.00000000e-01	-7.70700000e-11	3.89256520e+09	599
2.48100774e+02	2023-05-24T15:31:00.306959	-3.00000000e-01	-4.08900000e-11	7.33675715e+09	600
2.48473386e+02	2023-05-24T15:31:00.677091	-3.00000000e-01	-5.00500000e-11	5.99400599e+09	601
2.48850768e+02	2023-05-24T15:31:01.056944	-3.00000000e-01	2.65100000e-11	-1.13164843e+10	602
2.49871036e+02	2023-05-24T15:31:02.077178	-3.00000000e-01	-8.22900000e-11	3.64564346e+09	603
2.50243617e+02	2023-05-24T15:31:02.447309	-3.00000000e-01	4.19000000e-12	-7.15990453e+10	604
2.51151129e+02	2023-05-24T15:31:03.357193	-3.00000000e-01	-1.32410000e-10	2.26568990e+09	605
2.51521113e+02	2023-05-24T15:31:03.727193	-3.00000000e-01	1.66400000e-11	-1.80288462e+10	606
2.51889241e+02	2023-05-24T15:31:04.087332	-3.00000000e-01	-7.07500000e-11	4.24028269e+09	607
2.52270980e+02	2023-05-24T15:31:04.477175	-3.00000000e-01	2.30900000e-11	-1.29926375e+10	608
2.52633383e+02	2023-05-24T15:31:04.837574	-3.00000000e-01	-9.62200000e-11	3.11785492e+09	609
2.53003538e+02	2023-05-24T15:31:05.207569	-3.00000000e-01	2.39300000e-11	-1.25365650e+10	610
2.53909894e+02	2023-05-24T15:31:06.107818	-3.00000000e-01	-1.02930000e-10	2.91460216e+09	611
2.54281539e+02	2023-05-24T15:31:06.487706	-3.00000000e-01	1.82500000e-11	-1.64383562e+10	612
2.54651595e+02	2023-05-24T15:31:06.857708	-3.00000000e-01	-6.41100000e-11	4.67945718e+09	613
2.55024397e+02	2023-05-24T15:31:07.227835	-3.00000000e-01	2.65000000e-12	-1.13207547e+11	614
2.55401465e+02	2023-05-24T15:31:07.607717	-3.00000000e-01	-8.89400000e-11	3.37306049e+09	615
2.55771689e+02	2023-05-24T15:31:07.977700	-3.00000000e-01	-3.83700000e-11	7.81860829e+09	616
2.56136613e+02	2023-05-24T15:31:08.337864	-3.00000000e-01	4.50800000e-11	-6.65483585e+09	617
2.56511417e+02	2023-05-24T15:31:08.717698	-3.00000000e-01	-1.14220000e-10	2.62651024e+09	618
2.56881561e+02	2023-05-24T15:31:09.087736	-3.00000000e-01	-3.35000000e-12	8.95522388e+10	619
2.57251384e+02	2023-05-24T15:31:09.457734	-3.00000000e-01	2.45900000e-10	-1.22000813e+09	620
2.57631746e+02	2023-05-24T15:31:09.837940	-3.00000000e-01	3.63800000e-11	-8.24628917e+09	621
2.57998693e+02	2023-05-24T15:31:10.198148	-3.00000000e-01	-7.37800000e-11	4.06614259e+09	622
2.58371868e+02	2023-05-24T15:31:10.578149	-3.00000000e-01	-2.50200000e-11	1.19904077e+10	623
2.58741785e+02	2023-05-24T15:31:10.948125	-3.00000000e-01	9.17100000e-11	-3.27118090e+09	624
2.59111845e+02	2023-05-24T15:31:11.318171	-3.00000000e-01	-9.09300000e-11	3.29924117e+09	625
2.59483254e+02	2023-05-24T15:31:11.688177	-3.00000000e-01	-5.42000000e-12	5.53505535e+10	626
2.59851353e+02	2023-05-24T15:31:12.058164	-3.00000000e-01	-1.28150000e-10	2.34100663e+09	627
2.60224376e+02	2023-05-24T15:31:12.428305	-3.00000000e-01	6.10100000e-11	-4.91722668e+09	628
2.60594527e+02	2023-05-24T15:31:12.798307	-3.00000000e-01	-1.18660000e-10	2.52823192e+09	629
2.60972146e+02	2023-05-24T15:31:13.178383	-3.00000000e-01	-9.03000000e-12	3.32225914e+10	630
2.61340258e+02	2023-05-24T15:31:13.538547	-3.00000000e-01	-9.04800000e-11	3.31564987e+09	631
2.62246085e+02	2023-05-24T15:31:14.448437	-3.00000000e-01	1.68000000e-12	-1.78571429e+11	632
2.62613141e+02	2023-05-24T15:31:14.818773	-3.00000000e-01	-1.27310000e-10	2.35645275e+09	633
2.62986277e+02	2023-05-24T15:31:15.188757	-3.00000000e-01	6.35300000e-11	-4.72217850e+09	634
2.63362406e+02	2023-05-24T15:31:15.568608	-3.00000000e-01	-7.93300000e-11	3.78167150e+09	635
2.63732484e+02	2023-05-24T15:31:15.938650	-3.00000000e-01	-3.36000000e-11	8.92857143e+09	636
2.64099538e+02	2023-05-24T15:31:16.298788	-3.00000000e-01	-1.07310000e-10	2.79563880e+09	637
2.65129560e+02	2023-05-24T15:31:17.329031	-3.00000000e-01	2.45700000e-11	-1.22100122e+10	638
2.65502853e+02	2023-05-24T15:31:17.709142	-3.00000000e-01	-1.35490000e-10	2.21418555e+09	639
2.66526917e+02	2023-05-24T15:31:18.729156	-3.00000000e-01	2.59300000e-11	-1.15696105e+10	640
2.66909828e+02	2023-05-24T15:31:19.109161	-3.00000000e-01	-4.10800000e-11	7.30282376e+09	641
2.67923173e+02	2023-05-24T15:31:20.129513	-3.00000000e-01	1.05100000e-11	-2.85442436e+10	642
2.68302945e+02	2023-05-24T15:31:20.509341	-3.00000000e-01	-4.84900000e-11	6.18684265e+09	643
2.69324835e+02	2023-05-24T15:31:21.529564	-3.00000000e-01	-7.07500000e-11	4.24028269e+09	644
2.69693251e+02	2023-05-24T15:31:21.899579	-3.00000000e-01	1.01300000e-11	-2.96150049e+10	645
2.70724549e+02	2023-05-24T15:31:22.929586	-3.00000000e-01	-9.77700000e-11	3.06842590e+09	646
2.71094506e+02	2023-05-24T15:31:23.299837	-3.00000000e-01	-5.19500000e-10	5.77478345e+08	647
2.71478793e+02	2023-05-24T15:31:23.679818	-3.00000000e-01	-4.73400000e-11	6.33713561e+09	648
2.71843482e+02	2023-05-24T15:31:24.049849	-3.00000000e-01	-9.69300000e-11	3.09501702e+09	649
2.72206060e+02	2023-05-24T15:31:24.409970	-3.00000000e-01	2.37400000e-11	-1.26368997e+10	650
2.72583824e+02	2023-05-24T15:31:24.790317	-3.00000000e-01	1.29110000e-10	-2.32360003e+09	651
2.72951861e+02	2023-05-24T15:31:25.150450	-3.00000000e-01	2.71000000e-12	-1.10701107e+11	652
2.73320174e+02	2023-05-24T15:31:25.520659	-3.00000000e-01	-1.19500000e-10	2.51046025e+09	653
2.73694118e+02	2023-05-24T15:31:25.900602	-3.00000000e-01	-3.19900000e-11	9.37793060e+09	654
2.74064258e+02	2023-05-24T15:31:26.270668	-3.00000000e-01	-5.09500000e-11	5.88812561e+09	655
2.74437082e+02	2023-05-24T15:31:26.640946	-3.00000000e-01	-6.45600000e-11	4.64684015e+09	656
2.74804356e+02	2023-05-24T15:31:27.010826	-3.00000000e-01	3.48300000e-11	-8.61326443e+09	657
2.75180778e+02	2023-05-24T15:31:27.380954	-3.00000000e-01	-1.27050000e-10	2.36127509e+09	658
2.75554320e+02	2023-05-24T15:31:27.760803	-3.00000000e-01	4.71500000e-11	-6.36267232e+09	659
2.75924861e+02	2023-05-24T15:31:28.130848	-3.00000000e-01	-1.15310000e-10	2.60168242e+09	660
2.76292704e+02	2023-05-24T15:31:28.491190	-3.00000000e-01	-1.47000000e-11	2.04081633e+10	661
2.76664376e+02	2023-05-24T15:31:28.871075	-3.00000000e-01	2.57920000e-10	-1.16315136e+09	662
2.77036284e+02	2023-05-24T15:31:29.241209	-3.00000000e-01	-6.57800000e-11	4.56065673e+09	663
2.77411324e+02	2023-05-24T15:31:29.611437	-3.00000000e-01	2.52800000e-11	-1.18670886e+10	664
2.77784745e+02	2023-05-24T15:31:29.991283	-3.00000000e-01	-1.01830000e-10	2.94608661e+09	665
2.78152673e+02	2023-05-24T15:31:30.351448	-3.00000000e-01	1.88260000e-10	-1.59354085e+09	666
2.78524484e+02	2023-05-24T15:31:30.731330	-3.00000000e-01	-1.08990000e-10	2.75254611e+09	667
2.78894834e+02	2023-05-24T15:31:31.101297	-3.00000000e-01	-3.68200000e-11	8.14774579e+09	668
2.79265019e+02	2023-05-24T15:31:31.471470	-3.00000000e-01	-5.92000000e-11	5.06756757e+09	669
2.79643804e+02	2023-05-24T15:31:31.841508	-3.00000000e-01	2.21200000e-11	-1.35623870e+10	670
2.80007871e+02	2023-05-24T15:31:32.211512	-3.00000000e-01	-3.23100000e-11	9.28505107e+09	671
2.80383990e+02	2023-05-24T15:31:32.581638	-3.00000000e-01	-1.06540000e-10	2.81584381e+09	672
2.80752359e+02	2023-05-24T15:31:32.951644	-3.00000000e-01	-2.14100000e-11	1.40121439e+10	673
2.81785130e+02	2023-05-24T15:31:33.991712	-3.00000000e-01	-1.18090000e-10	2.54043526e+09	674
2.82149505e+02	2023-05-24T15:31:34.351876	-3.00000000e-01	-9.94400000e-11	3.01689461e+09	675
2.83182632e+02	2023-05-24T15:31:35.381764	-3.00000000e-01	-2.23100000e-11	1.34468848e+10	676
2.83555135e+02	2023-05-24T15:31:35.761768	-3.00000000e-01	-1.05900000e-10	2.83286119e+09	677
2.84452654e+02	2023-05-24T15:31:36.652114	-3.00000000e-01	2.89000000e-11	-1.03806228e+10	678
2.84825890e+02	2023-05-24T15:31:37.032001	-3.00000000e-01	-1.08540000e-10	2.76395799e+09	679
2.85195063e+02	2023-05-24T15:31:37.402111	-3.00000000e-01	2.43200000e-11	-1.23355263e+10	680
2.85574217e+02	2023-05-24T15:31:37.772354	-3.00000000e-01	-7.31300000e-11	4.10228360e+09	681
2.85938588e+02	2023-05-24T15:31:38.142479	-3.00000000e-01	-7.97100000e-11	3.76364321e+09	682
2.86315930e+02	2023-05-24T15:31:38.522585	-3.00000000e-01	-6.65600000e-11	4.50721154e+09	683
2.87345223e+02	2023-05-24T15:31:39.552598	-3.00000000e-01	-4.37300000e-11	6.86027898e+09	684
2.87711989e+02	2023-05-24T15:31:39.912923	-3.00000000e-01	-1.33750000e-10	2.24299065e+09	685
2.88626349e+02	2023-05-24T15:31:40.832812	-3.00000000e-01	3.64400000e-11	-8.23271131e+09	686
2.88984155e+02	2023-05-24T15:31:41.182952	-3.00000000e-01	-1.15820000e-10	2.59022621e+09	687
2.89356219e+02	2023-05-24T15:31:41.563024	-3.00000000e-01	5.90100000e-11	-5.08388409e+09	688
2.89728590e+02	2023-05-24T15:31:41.933160	-3.00000000e-01	-9.54500000e-11	3.14300681e+09	689
2.90106658e+02	2023-05-24T15:31:42.313245	-3.00000000e-01	-9.95800000e-11	3.01265314e+09	690
2.90470681e+02	2023-05-24T15:31:42.673407	-3.00000000e-01	-8.51300000e-11	3.52402208e+09	691
2.91498859e+02	2023-05-24T15:31:43.703671	-3.00000000e-01	-1.67000000e-11	1.79640719e+10	692
2.91876909e+02	2023-05-24T15:31:44.083537	-3.00000000e-01	-1.19170000e-10	2.51741210e+09	693
2.92897306e+02	2023-05-24T15:31:45.103925	-3.00000000e-01	2.19000000e-12	-1.36986301e+11	694
2.93269141e+02	2023-05-24T15:31:45.474089	-3.00000000e-01	-1.15370000e-10	2.60032938e+09	695
2.94293685e+02	2023-05-24T15:31:46.494111	-3.00000000e-01	1.82500000e-11	-1.64383562e+10	696
2.94666935e+02	2023-05-24T15:31:46.873973	-3.00000000e-01	-2.87000000e-11	1.04529617e+10	697
2.95569754e+02	2023-05-24T15:31:47.774328	-3.00000000e-01	-3.09000000e-12	9.70873786e+10	698
2.95944335e+02	2023-05-24T15:31:48.144326	-3.00000000e-01	-1.00670000e-10	2.98003377e+09	699
2.96315368e+02	2023-05-24T15:31:48.514334	-3.00000000e-01	4.37300000e-11	-6.86027898e+09	700
2.96686779e+02	2023-05-24T15:31:48.884571	-3.00000000e-01	-1.00220000e-10	2.99341449e+09	701
2.97055344e+02	2023-05-24T15:31:49.254768	-3.00000000e-01	-4.13400000e-11	7.25689405e+09	702
2.97431685e+02	2023-05-24T15:31:49.634645	-3.00000000e-01	-8.97700000e-11	3.34187368e+09	703
2.98337811e+02	2023-05-24T15:31:50.544624	-3.00000000e-01	3.09600000e-11	-9.68992248e+09	704
2.98707909e+02	2023-05-24T15:31:50.914630	-3.00000000e-01	-9.95100000e-11	3.01477238e+09	705
2.99078085e+02	2023-05-24T15:31:51.284659	-3.00000000e-01	5.19200000e-11	-5.77812018e+09	706
2.99448254e+02	2023-05-24T15:31:51.655063	-3.00000000e-01	-5.35300000e-11	5.60433402e+09	707
2.99817653e+02	2023-05-24T15:31:52.025059	-3.00000000e-01	-6.12000000e-11	4.90196078e+09	708
3.00190574e+02	2023-05-24T15:31:52.395193	-3.00000000e-01	-7.55800000e-11	3.96930405e+09	709
3.01218688e+02	2023-05-24T15:31:53.425711	-3.00000000e-01	1.87700000e-11	-1.59829515e+10	710
3.01589282e+02	2023-05-24T15:31:53.795747	-3.00000000e-01	-8.84800000e-11	3.39059675e+09	711
3.02616556e+02	2023-05-24T15:31:54.816079	-3.00000000e-01	-5.09000000e-12	5.89390963e+10	712
3.02989425e+02	2023-05-24T15:31:55.196175	-3.00000000e-01	-9.55700000e-11	3.13906037e+09	713
3.04019264e+02	2023-05-24T15:31:56.226155	-3.00000000e-01	2.33500000e-11	-1.28479657e+10	714
3.04386765e+02	2023-05-24T15:31:56.586317	-3.00000000e-01	-6.44900000e-11	4.65188401e+09	715
3.05411527e+02	2023-05-24T15:31:57.616755	-3.00000000e-01	4.07000000e-12	-7.37100737e+10	716
3.05789922e+02	2023-05-24T15:31:57.996829	-3.00000000e-01	-8.55400000e-10	3.50713117e+08	717
3.06159893e+02	2023-05-24T15:31:58.366831	-3.00000000e-01	-9.00000000e-13	3.33333333e+11	718
3.06527472e+02	2023-05-24T15:31:58.726962	-3.00000000e-01	-1.15570000e-10	2.59582937e+09	719
3.06900881e+02	2023-05-24T15:31:59.106857	-3.00000000e-01	1.29000000e-12	-2.32558140e+11	720
3.07268600e+02	2023-05-24T15:31:59.466970	-3.00000000e-01	2.45340000e-10	-1.22279286e+09	721
3.07641733e+02	2023-05-24T15:31:59.847171	-3.00000000e-01	-1.01640000e-10	2.95159386e+09	722
3.08016128e+02	2023-05-24T15:32:00.217055	-3.00000000e-01	2.01200000e-11	-1.49105368e+10	723
3.08383584e+02	2023-05-24T15:32:00.587180	-3.00000000e-01	-1.22470000e-10	2.44957949e+09	724
3.08756761e+02	2023-05-24T15:32:00.957187	-3.00000000e-01	9.50000000e-11	-3.15789474e+09	725
3.09130091e+02	2023-05-24T15:32:01.337069	-3.00000000e-01	-6.02400000e-11	4.98007968e+09	726
3.09501645e+02	2023-05-24T15:32:01.707207	-3.00000000e-01	-4.99100000e-11	6.01081948e+09	727
3.09870094e+02	2023-05-24T15:32:02.077077	-3.00000000e-01	2.07000000e-12	-1.44927536e+11	728
3.10242921e+02	2023-05-24T15:32:02.447081	-3.00000000e-01	-4.65600000e-11	6.44329897e+09	729
3.10612724e+02	2023-05-24T15:32:02.817215	-3.00000000e-01	-1.80000000e-12	1.66666667e+11	730
3.10990224e+02	2023-05-24T15:32:03.197059	-3.00000000e-01	-1.05250000e-10	2.85035629e+09	731
3.11358396e+02	2023-05-24T15:32:03.557220	-3.00000000e-01	2.78990000e-10	-1.07530736e+09	732
3.11726634e+02	2023-05-24T15:32:03.927228	-3.00000000e-01	-4.90100000e-11	6.12119976e+09	733
3.12100249e+02	2023-05-24T15:32:04.307073	-3.00000000e-01	1.48400000e-11	-2.02156334e+10	734
3.12469241e+02	2023-05-24T15:32:04.667230	-3.00000000e-01	-6.19100000e-11	4.84574382e+09	735
3.12845947e+02	2023-05-24T15:32:05.047082	-3.00000000e-01	1.12740000e-10	-2.66098989e+09	736
3.13220080e+02	2023-05-24T15:32:05.427089	-3.00000000e-01	5.81000000e-12	-5.16351119e+10	737
3.13587147e+02	2023-05-24T15:32:05.787249	-3.00000000e-01	-1.10860000e-10	2.70611582e+09	738
3.13960417e+02	2023-05-24T15:32:06.167353	-3.00000000e-01	-4.50000000e-13	6.66666667e+11	739
3.14330318e+02	2023-05-24T15:32:06.537358	-3.00000000e-01	-2.63100000e-11	1.14025086e+10	740
3.14699549e+02	2023-05-24T15:32:06.897482	-3.00000000e-01	-4.90000000e-12	6.12244898e+10	741
3.15080496e+02	2023-05-24T15:32:07.287377	-3.00000000e-01	4.32000000e-12	-6.94444444e+10	742