Time elapsed	Time stamp	source_Bioprobe Voltage	source_Bioprobe Current	source_Bioprobe Resistance	trans_drain Voltage	trans_drain Current	trans_drain Resistance	Loop1 Index	trans_gate Voltage	trans_gate Current	trans_gate Resistance
s		V	A	V/A	V	A	V/A		V	A	V/A

1.68824126e+02	2023-04-14T12:07:49.769399	9.30783900e-05	-3.69364100e-09	-2.51996309e+04	-4.99950000e-01	-5.79190900e-08	8.63186904e+06	3	1.50031900e+00	7.16279400e-08	2.09460024e+07
1.69066420e+02	2023-04-14T12:07:50.011414	4.28742100e-05	-2.43469600e-09	-1.76096769e+04	-4.99919900e-01	-4.91397900e-08	1.01734236e+07	3	1.45017600e+00	6.29321300e-08	2.30434915e+07
1.70136278e+02	2023-04-14T12:07:51.081483	7.63454700e-05	-3.27461600e-09	-2.33143275e+04	-4.99960100e-01	-4.32652600e-08	1.15556939e+07	3	1.40019400e+00	3.88762800e-08	3.60166662e+07
1.71231835e+02	2023-04-14T12:07:52.176552	1.09811800e-04	-6.20162600e-10	-1.77069369e+05	-5.00006900e-01	-3.73543000e-08	1.33855246e+07	3	1.35070000e+00	3.72722500e-08	3.62387567e+07
1.72359342e+02	2023-04-14T12:07:53.304623	1.18179000e-04	-2.84693500e-09	-4.15109583e+04	-4.99946700e-01	-2.88542800e-08	1.73266046e+07	3	1.30025800e+00	1.65744200e-08	7.84496833e+07
1.73448846e+02	2023-04-14T12:07:54.393693	1.09811800e-04	8.36856300e-10	1.31219422e+05	-4.99899900e-01	-2.80414100e-08	1.78272027e+07	3	1.25024400e+00	6.61589500e-08	1.88975792e+07
1.74183399e+02	2023-04-14T12:07:55.128739	2.61404400e-05	1.48585100e-09	1.75929080e+04	-5.00008500e-01	-2.18595100e-08	2.28737286e+07	3	1.20008600e+00	4.67503000e-08	2.56701240e+07
1.75154930e+02	2023-04-14T12:07:56.099801	1.18176900e-04	-2.42995500e-09	-4.86333698e+04	-4.99919800e-01	-1.74624100e-08	2.86283394e+07	3	1.15061600e+00	1.30781800e-09	8.79798259e+08
1.75918006e+02	2023-04-14T12:07:56.862850	1.09811800e-04	-1.74867600e-09	-6.27971105e+04	-5.00005200e-01	-1.03665100e-08	4.82327418e+07	3	1.10042000e+00	7.68288500e-09	1.43230050e+08
1.76912743e+02	2023-04-14T12:07:57.857912	1.01444700e-04	-1.56360600e-09	-6.48786843e+04	-4.99931500e-01	-1.06216900e-08	4.70670392e+07	3	1.04988600e+00	5.01221800e-08	2.09465350e+07
1.77792364e+02	2023-04-14T12:07:58.737525	1.09812800e-04	3.55238400e-10	3.09124239e+05	-4.99919900e-01	-7.97938000e-09	6.26514717e+07	3	9.99824600e-01	-8.22257900e-09	-1.21595013e+08
1.78752224e+02	2023-04-14T12:07:59.697586	1.77743200e-05	3.10486600e-09	5.72466573e+03	-4.99990100e-01	-4.53547900e-09	1.10239756e+08	3	9.50607700e-01	1.38386400e-08	6.86922776e+07
1.79682397e+02	2023-04-14T12:08:00.627645	5.12401700e-05	2.26493900e-09	2.26232009e+04	-4.99996800e-01	-4.00692800e-09	1.24783076e+08	3	9.00313700e-01	2.25885300e-08	3.98571177e+07
1.80620360e+02	2023-04-14T12:08:01.565704	3.45071300e-05	1.96707500e-09	1.75423560e+04	-4.99975100e-01	-2.01326400e-09	2.48340555e+08	3	8.50063000e-01	2.39251000e-08	3.55301754e+07
1.81401871e+02	2023-04-14T12:08:02.346754	5.96096200e-05	4.87573000e-09	1.22257836e+04	-4.99991800e-01	-8.88011500e-10	5.63046537e+08	3	7.99864700e-01	2.27498100e-08	3.51591815e+07
1.82183578e+02	2023-04-14T12:08:03.128804	2.61388600e-05	7.40538400e-09	3.52971028e+03	-5.00013500e-01	-1.14112300e-09	4.38176691e+08	3	7.50509600e-01	1.12613400e-08	6.66447865e+07
1.83128157e+02	2023-04-14T12:08:04.073864	1.09815700e-04	1.22219900e-08	8.98509163e+03	-4.99908100e-01	-9.42242300e-09	5.30551536e+07	3	7.00359500e-01	-2.29328700e-08	-3.05395487e+07
1.84089883e+02	2023-04-14T12:08:05.034925	7.63418000e-05	1.08445000e-07	7.03967910e+02	-4.99988400e-01	-1.72115300e-07	2.90496196e+06	3	6.50461700e-01	-2.08050500e-10	-3.12646064e+09
1.85357518e+02	2023-04-14T12:08:06.303004	9.30758600e-05	4.18511100e-07	2.22397590e+02	-4.99951700e-01	-4.49306700e-07	1.11271811e+06	3	5.99904400e-01	-1.50374500e-08	-3.98940246e+07
1.86276086e+02	2023-04-14T12:08:07.221063	6.79761400e-05	1.05831700e-06	6.42304149e+01	-4.99933300e-01	-2.17012400e-06	2.30370845e+05	3	5.49994200e-01	1.95309000e-08	2.81602077e+07
1.87463905e+02	2023-04-14T12:08:08.409139	9.30767000e-05	3.26355100e-06	2.85200691e+01	-4.99933300e-01	-3.41065300e-06	1.46579936e+05	3	5.00498700e-01	-7.23615900e-09	-6.91663492e+07
1.88323664e+02	2023-04-14T12:08:09.269193	6.79774800e-05	7.22448900e-06	9.40931324e+00	-4.99948300e-01	-7.89201400e-06	6.33486332e+04	3	4.50448600e-01	-6.17685800e-09	-7.29251992e+07
1.89464603e+02	2023-04-14T12:08:10.410266	8.47119800e-05	1.25384400e-05	6.75618179e+00	-4.99951600e-01	-1.28085800e-05	3.90325547e+04	3	4.00367100e-01	-1.10997600e-08	-3.60698880e+07
1.90390015e+02	2023-04-14T12:08:11.335325	7.63403400e-05	2.00144900e-05	3.81425357e+00	-4.99923200e-01	-2.03411300e-05	2.45769630e+04	3	3.49887100e-01	-2.17588300e-08	-1.60802350e+07
1.91199398e+02	2023-04-14T12:08:12.144377	5.12418500e-05	2.97479000e-05	1.72253672e+00	-4.99936600e-01	-3.02218100e-05	1.65422455e+04	3	2.99826700e-01	-1.63803800e-08	-1.83040137e+07
1.92058985e+02	2023-04-14T12:08:13.004430	7.63432700e-05	4.14815500e-05	1.84041508e+00	-4.99935000e-01	-4.25393000e-05	1.17523090e+04	3	2.50353800e-01	1.11079400e-08	2.25382744e+07
1.92948788e+02	2023-04-14T12:08:13.894486	6.79774800e-05	5.72301700e-05	1.18779099e+00	-4.99986800e-01	-5.88690700e-05	8.49320025e+03	3	1.99938900e-01	1.30048800e-08	1.53741442e+07
1.94111773e+02	2023-04-14T12:08:15.057561	9.30783900e-05	7.11068400e-05	1.30899348e+00	-4.99951700e-01	-7.17010400e-05	6.97272592e+03	3	1.50411900e-01	-1.50256800e-08	-1.00103223e+07
1.94964408e+02	2023-04-14T12:08:15.909615	5.12401700e-05	8.60713800e-05	5.95321813e-01	-4.99966700e-01	-8.68041700e-05	5.75970832e+03	3	1.00388700e-01	-1.87704300e-08	-5.34823656e+06
1.95824574e+02	2023-04-14T12:08:16.769670	7.63432700e-05	1.02022500e-04	7.48298366e-01	-4.99993400e-01	-1.03571000e-04	4.82754246e+03	3	4.97318200e-02	6.44975900e-09	7.71064779e+06
1.96731525e+02	2023-04-14T12:08:17.676727	1.01442900e-04	1.18359400e-04	8.57075146e-01	-4.99976700e-01	-1.19181500e-04	4.19508649e+03	3	-2.55886300e-04	1.10194800e-08	-2.32212682e+04
1.97433338e+02	2023-04-14T12:08:18.378771	1.18182000e-04	1.32653900e-04	8.90904828e-01	-4.99963300e-01	-1.33672300e-04	3.74021619e+03	3	-4.97667700e-02	-4.63410600e-08	1.07392386e+06
1.98309711e+02	2023-04-14T12:08:19.254827	8.47096200e-05	1.46187700e-04	5.79457916e-01	-4.99991800e-01	-1.46856300e-04	3.40463296e+03	3	-9.98380800e-02	-4.80926400e-08	2.07595341e+06
1.99167750e+02	2023-04-14T12:08:20.112882	7.63440100e-05	1.60434000e-04	4.75859294e-01	-4.99948300e-01	-1.60664300e-04	3.11175725e+03	3	-1.49776600e-01	-4.23213800e-08	3.53902921e+06
2.00026986e+02	2023-04-14T12:08:20.971937	7.63440100e-05	1.72514800e-04	4.42536003e-01	-4.99943300e-01	-1.72578000e-04	2.89691212e+03	3	-1.99645800e-01	-1.53301100e-08	1.30231159e+07
2.00886367e+02	2023-04-14T12:08:21.831991	8.47112000e-05	1.83520800e-04	4.61589095e-01	-4.99901500e-01	-1.84941100e-04	2.70303086e+03	3	-2.49585400e-01	-1.99175400e-08	1.25309350e+07
2.01745712e+02	2023-04-14T12:08:22.691045	8.47104100e-05	1.89236600e-04	4.47642845e-01	-4.99923300e-01	-1.89176300e-04	2.64263177e+03	3	-2.99590700e-01	-2.49712700e-08	1.19974154e+07
2.02621700e+02	2023-04-14T12:08:23.567101	6.79768000e-05	1.97186700e-04	3.44733189e-01	-5.00011900e-01	-1.97379300e-04	2.53325399e+03	3	-3.50110700e-01	-3.69209800e-08	9.48270333e+06
2.03503669e+02	2023-04-14T12:08:24.449156	9.30783900e-05	2.04478800e-04	4.55198241e-01	-4.99975100e-01	-2.04740200e-04	2.44199771e+03	3	-4.00200100e-01	-7.07735500e-09	5.65465629e+07
2.04355118e+02	2023-04-14T12:08:25.300210	8.47104100e-05	2.06998300e-04	4.09232395e-01	-4.99950000e-01	-2.07054500e-04	2.41458167e+03	3	-4.50254200e-01	-5.51126400e-09	8.16970844e+07
2.05233728e+02	2023-04-14T12:08:26.179267	9.30767000e-05	2.15501800e-04	4.31906833e-01	-4.99916600e-01	-2.21276600e-04	2.25923844e+03	3	-4.99739200e-01	-5.29499100e-08	9.43796127e+06
2.06089519e+02	2023-04-14T12:08:27.035321	8.47072500e-05	2.26226100e-04	3.74436239e-01	-4.99945000e-01	-2.26430700e-04	2.20793823e+03	3	-5.49760700e-01	-5.91127000e-08	9.30021298e+06
2.06950194e+02	2023-04-14T12:08:27.895376	1.26548200e-04	2.23795300e-04	5.65464065e-01	-4.99935000e-01	-2.23648400e-04	2.23536140e+03	3	-5.99939400e-01	-6.22260900e-08	9.64128391e+06
2.07622185e+02	2023-04-14T12:08:28.567419	8.47104100e-05	2.25820800e-04	3.75122265e-01	-4.99953300e-01	-2.26460600e-04	2.20768337e+03	3	-6.50126500e-01	-4.45148400e-08	1.46047138e+07
2.08499959e+02	2023-04-14T12:08:29.445474	5.12418500e-05	2.26069000e-04	2.26664647e-01	-4.99884900e-01	-2.43546700e-04	2.05252175e+03	3	-7.00206900e-01	-1.35122500e-08	5.18201558e+07
2.09370683e+02	2023-04-14T12:08:30.316530	7.63432700e-05	2.46637800e-04	3.09535967e-01	-4.99903100e-01	-2.43224500e-04	2.05531556e+03	3	-7.49744400e-01	-4.30051300e-08	1.74338364e+07
2.10230068e+02	2023-04-14T12:08:31.175584	1.09813700e-04	2.52140400e-04	4.35526001e-01	-4.99953300e-01	-2.57015600e-04	1.94522550e+03	3	-7.99888100e-01	-7.18470800e-08	1.11332026e+07
2.10891444e+02	2023-04-14T12:08:31.836625	6.79734300e-05	2.54612100e-04	2.66968577e-01	-4.99958300e-01	-2.54187900e-04	1.96688473e+03	3	-8.00332600e-01	-1.04766100e-08	7.63923254e+07
2.11276678e+02	2023-04-14T12:08:32.221650	6.79747800e-05	2.58909200e-04	2.62542930e-01	-4.99960100e-01	-2.55580600e-04	1.95617390e+03	3	-7.49669100e-01	-5.82036300e-09	1.28801090e+08
2.12152174e+02	2023-04-14T12:08:33.097706	7.63432700e-05	2.58178100e-04	2.95700023e-01	-4.99980100e-01	-2.58023900e-04	1.93772786e+03	3	-6.99661000e-01	-4.64550200e-08	1.50610418e+07
2.13012624e+02	2023-04-14T12:08:33.957760	7.63425300e-05	2.66163800e-04	2.86825368e-01	-4.99966700e-01	-2.66455400e-04	1.87636167e+03	3	-6.50110500e-01	8.17292400e-09	-7.95444201e+07
2.13736200e+02	2023-04-14T12:08:34.681806	1.09812800e-04	2.72520700e-04	4.02952143e-01	-4.99991800e-01	-2.71302300e-04	1.84293240e+03	3	-5.99688800e-01	-2.83287400e-08	2.11689189e+07
2.14605075e+02	2023-04-14T12:08:35.550861	8.47112000e-05	2.67362000e-04	3.16840838e-01	-4.99983500e-01	-2.67653900e-04	1.86802247e+03	3	-5.50362100e-01	-1.67467400e-08	3.28638350e+07
2.15481364e+02	2023-04-14T12:08:36.426917	7.63425300e-05	2.71785700e-04	2.80892372e-01	-4.99973400e-01	-2.66359300e-04	1.87706380e+03	3	-4.99993700e-01	-2.20109700e-08	2.27156595e+07
2.16200121e+02	2023-04-14T12:08:37.145962	9.30792300e-05	2.75103300e-04	3.38342833e-01	-4.99938300e-01	-2.74159500e-04	1.82353083e+03	3	-4.50211000e-01	5.56953300e-09	-8.08346050e+07
2.17103931e+02	2023-04-14T12:08:38.049019	5.96071300e-05	2.79270300e-04	2.13438844e-01	-4.99943300e-01	-2.74899600e-04	1.81863961e+03	3	-4.00200600e-01	-7.41608100e-09	5.39638928e+07
2.18024386e+02	2023-04-14T12:08:38.970079	8.47096200e-05	2.80712200e-04	3.01766792e-01	-4.99963500e-01	-2.80442200e-04	1.78276843e+03	3	-3.50091600e-01	2.21550500e-08	-1.58018872e+07
2.18874217e+02	2023-04-14T12:08:39.820132	1.09811800e-04	2.74876700e-04	3.99494755e-01	-4.99946600e-01	-2.73861500e-04	1.82554539e+03	3	-3.00235100e-01	1.83177700e-08	-1.63903739e+07
2.19776905e+02	2023-04-14T12:08:40.722189	8.47104100e-05	2.73553600e-04	3.09666588e-01	-4.99985200e-01	-2.72731500e-04	1.83325065e+03	3	-2.50160800e-01	2.08885500e-08	-1.19759773e+07
2.20636417e+02	2023-04-14T12:08:41.582244	5.12396000e-05	2.80277500e-04	1.82817386e-01	-4.99955000e-01	-2.71770900e-04	1.83961933e+03	3	-2.00134000e-01	2.35969500e-08	-8.48135034e+06
2.21514967e+02	2023-04-14T12:08:42.460300	1.01444700e-04	2.72380600e-04	3.72437317e-01	-4.99911600e-01	-2.71400300e-04	1.84197143e+03	3	-1.50331700e-01	-3.10991100e-09	4.83395506e+07
2.22402063e+02	2023-04-14T12:08:43.347356	8.47096200e-05	2.79770400e-04	3.02782639e-01	-4.99899800e-01	-2.75428500e-04	1.81498937e+03	3	-1.00097400e-01	4.36038200e-08	-2.29561080e+06
2.23263528e+02	2023-04-14T12:08:44.209411	9.30767000e-05	2.74852000e-04	3.38642979e-01	-4.99889700e-01	-2.74314100e-04	1.82232594e+03	3	-4.99758900e-02	4.35308000e-08	-1.14805816e+06
2.24121275e+02	2023-04-14T12:08:45.066465	8.47119800e-05	2.70064200e-04	3.13673489e-01	-4.99960000e-01	-2.69554100e-04	1.85476682e+03	3	2.54352100e-04	4.45834600e-08	5.70507762e+03
2.24984078e+02	2023-04-14T12:08:45.929520	1.09811800e-04	2.64664000e-04	4.14910226e-01	-4.99983500e-01	-2.63446200e-04	1.89785808e+03	3	4.97816800e-02	9.60837800e-09	5.18107010e+06
2.25856202e+02	2023-04-14T12:08:46.801575	6.79747800e-05	2.51416900e-04	2.70366789e-01	-4.99936600e-01	-2.50190300e-04	1.99822535e+03	3	1.00014300e-01	2.57736000e-08	3.88049399e+06
2.26714399e+02	2023-04-14T12:08:47.659629	1.01445600e-04	2.30104200e-04	4.40868094e-01	-4.99934900e-01	-2.27738600e-04	2.19521372e+03	3	1.50120100e-01	2.34048900e-08	6.41404852e+06
2.27593627e+02	2023-04-14T12:08:48.538685	1.01444700e-04	2.00156200e-04	5.06827668e-01	-4.99965100e-01	-1.97027600e-04	2.53753840e+03	3	1.99824500e-01	-3.48997200e-09	-5.72567631e+07
2.28495595e+02	2023-04-14T12:08:49.440742	1.01444700e-04	1.70717200e-04	5.94226592e-01	-4.99943300e-01	-1.68600900e-04	2.96524692e+03	3	2.49940500e-01	2.39992700e-08	1.04145043e+07
2.29355769e+02	2023-04-14T12:08:50.301798	6.79768000e-05	1.43215200e-04	4.74647942e-01	-4.99968500e-01	-1.41230200e-04	3.54009624e+03	3	2.99935700e-01	2.44441500e-08	1.22702446e+07
2.30230988e+02	2023-04-14T12:08:51.176853	9.30775400e-05	1.17865700e-04	7.89691488e-01	-4.99950000e-01	-1.16067800e-04	4.30739619e+03	3	3.50553900e-01	6.95162200e-10	5.04276412e+08
2.31106751e+02	2023-04-14T12:08:52.051908	7.63418000e-05	9.47091600e-05	8.06065643e-01	-4.99926600e-01	-9.31319000e-05	5.36794160e+03	3	4.00241600e-01	-1.82465600e-08	-2.19351812e+07
2.31985942e+02	2023-04-14T12:08:52.931964	8.47104100e-05	7.37782900e-05	1.14817530e+00	-4.99983500e-01	-7.22561400e-05	6.91959881e+03	3	4.49757300e-01	6.47742500e-09	6.94345824e+07
2.32859914e+02	2023-04-14T12:08:53.805020	7.63447300e-05	5.51982200e-05	1.38310130e+00	-4.99941600e-01	-5.38487900e-05	9.28417519e+03	3	5.00006700e-01	2.54025700e-08	1.96833116e+07
2.33715146e+02	2023-04-14T12:08:54.661074	7.63440100e-05	3.55452500e-05	2.14779781e+00	-4.99963300e-01	-3.37628500e-05	1.48080894e+04	3	5.49944000e-01	2.50646500e-08	2.19410205e+07
2.34855237e+02	2023-04-14T12:08:55.801146	9.30758600e-05	2.31391400e-05	4.02244249e+00	-4.99958300e-01	-2.21710300e-05	2.25500710e+04	3	6.00112900e-01	2.52827100e-08	2.37360987e+07
2.35713951e+02	2023-04-14T12:08:56.659200	7.63425300e-05	1.19866600e-05	6.36895766e+00	-4.99935000e-01	-1.12119200e-05	4.45895975e+04	3	6.50382000e-01	2.32498900e-08	2.79735517e+07
2.36589704e+02	2023-04-14T12:08:57.535256	5.12412900e-05	4.50731900e-06	1.13684632e+01	-4.99929900e-01	-4.09990600e-06	1.21936918e+05	3	7.00194800e-01	-1.47575000e-08	-4.74467085e+07
2.37605426e+02	2023-04-14T12:08:58.551320	6.79747800e-05	6.85199700e-07	9.92043342e+01	-4.99956700e-01	-6.47635500e-07	7.71972352e+05	3	7.50165000e-01	-1.27531000e-08	-5.88221687e+07
2.38606358e+02	2023-04-14T12:08:59.551975	8.47088300e-05	6.64849000e-08	1.27410630e+03	-4.99978500e-01	-4.93835700e-08	1.01243895e+07	3	8.00414400e-01	-3.03249900e-09	-2.63945479e+08
2.39810281e+02	2023-04-14T12:09:00.756052	4.28752200e-05	-7.41708100e-10	-5.78060560e+04	-4.99854600e-01	-1.70758800e-08	2.92725529e+07	3	8.50542900e-01	2.46423700e-09	3.45154667e+08
2.40949001e+02	2023-04-14T12:09:01.895124	3.45071300e-05	-5.78193600e-09	-5.96809269e+03	-5.00003600e-01	-1.33030300e-08	3.75856929e+07	3	9.00408100e-01	1.60363600e-08	5.61479101e+07
2.41870805e+02	2023-04-14T12:09:02.816182	1.77739800e-05	-5.29486600e-09	-3.35683283e+03	-5.00025300e-01	-1.88479000e-08	2.65294967e+07	3	9.50715000e-01	2.80960100e-08	3.38380788e+07
2.42792791e+02	2023-04-14T12:09:03.738241	5.96090000e-05	-4.35140100e-09	-1.36988064e+04	-4.99941600e-01	-2.29643600e-08	2.17703258e+07	3	1.00040500e+00	4.32804000e-08	2.31145045e+07
2.43714545e+02	2023-04-14T12:09:04.660299	5.12429800e-05	-3.25316500e-09	-1.57517310e+04	-5.00058800e-01	-2.79077800e-08	1.79182579e+07	3	1.05015900e+00	4.51118000e-08	2.32790312e+07
2.44802007e+02	2023-04-14T12:09:05.747369	3.45062200e-05	-4.02495300e-09	-8.57307402e+03	-4.99978500e-01	-3.03010300e-08	1.65003797e+07	3	1.10041000e+00	4.80398800e-08	2.29061771e+07
2.45735539e+02	2023-04-14T12:09:06.681428	9.40503700e-06	-5.75948800e-09	-1.63296408e+03	-5.00072100e-01	-3.20744600e-08	1.55909749e+07	3	1.15045100e+00	3.64061100e-08	3.16004923e+07
2.46652243e+02	2023-04-14T12:09:07.597486	1.77722900e-05	-4.45790500e-09	-3.98669106e+03	-5.00001800e-01	-3.66661100e-08	1.36366198e+07	3	1.20061500e+00	4.65057700e-08	2.58164740e+07
2.47603552e+02	2023-04-14T12:09:08.549546	5.96077600e-05	-5.98715500e-09	-9.95594068e+03	-5.00018600e-01	-3.80573800e-08	1.31385450e+07	3	1.25055300e+00	3.65629800e-08	3.42027100e+07
2.48512007e+02	2023-04-14T12:09:09.457604	1.77726200e-05	-4.99658400e-09	-3.55695411e+03	-4.99943300e-01	-4.20925100e-08	1.18772508e+07	3	1.30018300e+00	2.49410200e-08	5.21303058e+07
2.49621524e+02	2023-04-14T12:09:10.567675	8.47080500e-05	-2.79978800e-09	-3.02551657e+04	-4.99891400e-01	-4.76347200e-08	1.04942655e+07	3	1.35031700e+00	6.69114200e-08	2.01806657e+07
2.50368194e+02	2023-04-14T12:09:11.313722	3.45066800e-05	-3.79708800e-09	-9.08766929e+03	-4.99973400e-01	-5.04038900e-08	9.91934154e+06	3	1.40024300e+00	4.97911900e-08	2.81223044e+07
2.51589018e+02	2023-04-14T12:09:12.534799	8.47104100e-05	-7.06359200e-09	-1.19925401e+04	-4.99938300e-01	-5.34892300e-08	9.34652266e+06	3	1.45020900e+00	4.64235600e-08	3.12386426e+07
2.52683490e+02	2023-04-14T12:09:13.628869	1.18177900e-04	-4.99101500e-09	-2.36781296e+04	-4.99986800e-01	-6.03393700e-08	8.28624495e+06	3	1.50021100e+00	9.19488400e-08	1.63157143e+07