Time elapsed	Time stamp	trans_drain Voltage	trans_drain Current	trans_drain Resistance	Loop1 Index	trans_gate Voltage	trans_gate Current	trans_gate Resistance
s		V	A	V/A		V	A	V/A

6.28080715e-01	2023-07-12T16:12:40.774819	-1.00000000e-01	-2.73980000e-08	3.64990145e+06	1	1.00000000e+00	5.01700000e-08	1.99322304e+07
1.04982642e+00	2023-07-12T16:12:41.204894	-1.00000000e-01	-1.53120000e-08	6.53082550e+06	1	9.75000000e-01	2.18430000e-08	4.46367257e+07
1.35012484e+00	2023-07-12T16:12:41.505142	-1.00000000e-01	-8.61020000e-09	1.16141321e+07	1	9.50000000e-01	1.14870000e-08	8.27021851e+07
1.65122039e+00	2023-07-12T16:12:41.805226	-1.00000000e-01	-6.04740000e-09	1.65360320e+07	1	9.25000000e-01	7.69290000e-09	1.20240741e+08
1.94150446e+00	2023-07-12T16:12:42.095385	-1.00000000e-01	-2.92230000e-09	3.42196215e+07	1	9.00000000e-01	5.23440000e-09	1.71939477e+08
2.24135939e+00	2023-07-12T16:12:42.395548	-1.00000000e-01	-3.76460000e-09	2.65632471e+07	1	8.75000000e-01	3.88800000e-09	2.25051440e+08
2.52906336e+00	2023-07-12T16:12:42.675853	-1.00000000e-01	-2.74800000e-09	3.63901019e+07	1	8.50000000e-01	2.94120000e-09	2.88997688e+08
2.82742537e+00	2023-07-12T16:12:42.976020	-1.00000000e-01	-1.68700000e-09	5.92768228e+07	1	8.25000000e-01	5.00630000e-09	1.64792362e+08
3.64993957e+00	2023-07-12T16:12:43.796468	-1.00000000e-01	-1.14330000e-09	8.74661069e+07	1	8.00000000e-01	2.16620000e-09	3.69310313e+08
3.95223799e+00	2023-07-12T16:12:44.107598	-1.00000000e-01	-9.49700000e-10	1.05296409e+08	1	7.75000000e-01	1.92860000e-09	4.01845899e+08
5.18676497e+00	2023-07-12T16:12:45.341962	-1.00000000e-01	-9.33070000e-10	1.07173095e+08	1	7.50000000e-01	1.46270000e-09	5.12750393e+08
6.13604173e+00	2023-07-12T16:12:46.291269	-1.00000000e-01	-1.33260000e-09	7.50412727e+07	1	7.25000000e-01	1.16780000e-09	6.20825484e+08
6.44715204e+00	2023-07-12T16:12:46.602413	-1.00000000e-01	-3.26520000e-10	3.06259953e+08	1	7.00000000e-01	1.50240000e-09	4.65921193e+08
7.90527803e+00	2023-07-12T16:12:48.061362	-1.00000000e-01	-7.93470000e-10	1.26028709e+08	1	6.75000000e-01	9.35810000e-10	7.21300264e+08
8.61576073e+00	2023-07-12T16:12:48.771576	-1.00000000e-01	-7.71940000e-10	1.29543747e+08	1	6.50000000e-01	6.17180000e-10	1.05317736e+09
9.31881861e+00	2023-07-12T16:12:49.474464	-1.00000000e-01	-6.03260000e-10	1.65766005e+08	1	6.25000000e-01	4.38380000e-10	1.42570373e+09
9.89831557e+00	2023-07-12T16:12:50.054302	-1.00000000e-01	5.79020000e-10	-1.72705606e+08	1	6.00000000e-01	4.31100000e-10	1.39178845e+09
1.06219937e+01	2023-07-12T16:12:50.777319	-1.00000000e-01	3.24930000e-10	-3.07758594e+08	1	5.75000000e-01	3.62590000e-10	1.58581318e+09
1.13182685e+01	2023-07-12T16:12:51.473774	-1.00000000e-01	-7.85300000e-11	1.27339870e+09	1	5.50000000e-01	9.48100000e-11	5.80107584e+09
1.19000809e+01	2023-07-12T16:12:52.055914	-1.00000000e-01	3.18140000e-10	-3.14327026e+08	1	5.25000000e-01	-2.99300000e-10	-1.75409288e+09
1.24846720e+01	2023-07-12T16:12:52.640584	-1.00000000e-01	3.53400000e-11	-2.82965478e+09	1	5.00000000e-01	-9.80700000e-10	-5.09839910e+08
1.33581835e+01	2023-07-12T16:12:53.514316	-1.00000000e-01	3.57110000e-10	-2.80025762e+08	1	4.75000000e-01	-4.31010000e-10	-1.10206260e+09
1.43630258e+01	2023-07-12T16:12:54.518459	-1.00000000e-01	1.25810000e-09	-7.94849376e+07	1	4.50000000e-01	-1.31600000e-09	-3.41945289e+08
1.50140898e+01	2023-07-12T16:12:55.170148	-1.00000000e-01	8.53960000e-10	-1.17101504e+08	1	4.25000000e-01	-9.83400000e-10	-4.32174090e+08
1.59819118e+01	2023-07-12T16:12:56.138097	-1.00000000e-01	8.78140000e-10	-1.13877058e+08	1	4.00000000e-01	-1.78270000e-09	-2.24378751e+08
1.68037630e+01	2023-07-12T16:12:56.959732	-1.00000000e-01	2.13690000e-09	-4.67967617e+07	1	3.75000000e-01	-2.06570000e-09	-1.81536525e+08
1.70932459e+01	2023-07-12T16:12:57.248990	-1.00000000e-01	1.95250000e-09	-5.12163892e+07	1	3.50000000e-01	-2.09360000e-09	-1.67176156e+08
1.74212698e+01	2023-07-12T16:12:57.576659	-1.00000000e-01	1.96040000e-09	-5.10099980e+07	1	3.25000000e-01	-2.70150000e-09	-1.20303535e+08
1.77468925e+01	2023-07-12T16:12:57.902795	-1.00000000e-01	3.63870000e-09	-2.74823426e+07	1	3.00000000e-01	-3.37290000e-09	-8.89442320e+07
1.80392037e+01	2023-07-12T16:12:58.194844	-1.00000000e-01	4.16090000e-09	-2.40332620e+07	1	2.75000000e-01	-3.37430000e-09	-8.14983849e+07
1.83322873e+01	2023-07-12T16:12:58.488098	-1.00000000e-01	2.35980000e-09	-4.23764726e+07	1	2.50000000e-01	-4.66900000e-09	-5.35446562e+07
1.86343084e+01	2023-07-12T16:12:58.790019	-1.00000000e-01	4.82970000e-09	-2.07052198e+07	1	2.25000000e-01	-5.15480000e-09	-4.36486382e+07
1.89371635e+01	2023-07-12T16:12:59.092718	-1.00000000e-01	5.28620000e-09	-1.89171806e+07	1	2.00000000e-01	-6.42720000e-09	-3.11177496e+07
1.92402870e+01	2023-07-12T16:12:59.395610	-1.00000000e-01	3.59440000e-09	-2.78210550e+07	1	1.75000000e-01	-9.48600000e-09	-1.84482395e+07
1.95310215e+01	2023-07-12T16:12:59.686523	-1.00000000e-01	4.50670000e-09	-2.21891850e+07	1	1.50000000e-01	-1.25450000e-08	-1.19569550e+07
1.98212945e+01	2023-07-12T16:12:59.977364	-1.00000000e-01	4.95690000e-09	-2.01738990e+07	1	1.25000000e-01	-1.35100000e-08	-9.25240563e+06
2.01205316e+01	2023-07-12T16:13:00.276712	-1.00000000e-01	-2.34080000e-08	4.27204375e+06	1	1.00000000e-01	-1.11080000e-08	-9.00252071e+06
2.04449990e+01	2023-07-12T16:13:00.601181	-1.00000000e-01	-2.72870000e-08	3.66474878e+06	1	7.50000000e-02	2.46140000e-08	3.04704640e+06
2.07364663e+01	2023-07-12T16:13:00.892602	-1.00000000e-01	-1.72990000e-07	5.78068096e+05	1	5.00000000e-02	-1.16320000e-08	-4.29848693e+06
2.10316234e+01	2023-07-12T16:13:01.187845	-1.00000000e-01	-3.09210000e-07	3.23404806e+05	1	2.50000000e-02	-1.24560000e-08	-2.00706487e+06
2.13141339e+01	2023-07-12T16:13:01.470413	-1.00000000e-01	-4.55350000e-07	2.19611288e+05	1	0.00000000e+00	-1.52410000e-08	-0.00000000e+00
2.16071064e+01	2023-07-12T16:13:01.762979	-1.00000000e-01	-4.97210000e-07	2.01122262e+05	1	-2.50000000e-02	-1.12040000e-08	2.23134595e+06
2.19221642e+01	2023-07-12T16:13:02.077972	-1.00000000e-01	-5.69170000e-07	1.75694432e+05	1	-5.00000000e-02	-1.00160000e-08	4.99201278e+06
2.22439448e+01	2023-07-12T16:13:02.399726	-1.00000000e-01	-6.32510000e-07	1.58100267e+05	1	-7.50000000e-02	-9.76700000e-09	7.67891881e+06
2.25373924e+01	2023-07-12T16:13:02.692916	-1.00000000e-01	-6.93240000e-07	1.44250188e+05	1	-1.00000000e-01	-1.14590000e-08	8.72676499e+06
2.28253708e+01	2023-07-12T16:13:02.981567	-1.00000000e-01	-7.59000000e-07	1.31752306e+05	1	-1.25000000e-01	-9.54900000e-09	1.30903760e+07
2.31233784e+01	2023-07-12T16:13:03.278915	-1.00000000e-01	-9.00640000e-07	1.11032155e+05	1	-1.50000000e-01	-9.17900000e-09	1.63416494e+07
2.34174893e+01	2023-07-12T16:13:03.572948	-1.00000000e-01	-2.27530000e-06	4.39502483e+04	1	-1.75000000e-01	-9.30000000e-09	1.88172043e+07
2.37274669e+01	2023-07-12T16:13:03.883706	-1.00000000e-01	-2.40700000e-06	4.15454923e+04	1	-2.00000000e-01	-1.19390000e-08	1.67518218e+07
2.40188533e+01	2023-07-12T16:13:04.174632	-1.00000000e-01	-5.80640000e-06	1.72223753e+04	1	-2.25000000e-01	-1.38740000e-08	1.62173850e+07
2.43023284e+01	2023-07-12T16:13:04.458138	-1.00000000e-01	-2.78310000e-05	3.59311559e+03	1	-2.50000000e-01	1.24600000e-09	-2.00642055e+08
2.46055051e+01	2023-07-12T16:13:04.760946	-1.00000000e-01	-3.51030000e-05	2.84875937e+03	1	-2.75000000e-01	-9.69000000e-09	2.83797730e+07
2.49009125e+01	2023-07-12T16:13:05.057154	-1.00000000e-01	-4.25870000e-05	2.34813441e+03	1	-3.00000000e-01	-9.37100000e-09	3.20136592e+07
2.51925988e+01	2023-07-12T16:13:05.348708	-1.00000000e-01	-4.72160000e-05	2.11792613e+03	1	-3.25000000e-01	-1.03610000e-08	3.13676286e+07
2.54981141e+01	2023-07-12T16:13:05.653829	-1.00000000e-01	-5.30110000e-05	1.88640094e+03	1	-3.50000000e-01	-9.27500000e-09	3.77358491e+07
2.58003292e+01	2023-07-12T16:13:05.956598	-1.00000000e-01	-5.99440000e-05	1.66822368e+03	1	-3.75000000e-01	-1.16830000e-08	3.20979201e+07
2.61246067e+01	2023-07-12T16:13:06.280706	-1.00000000e-01	-6.46440000e-05	1.54693398e+03	1	-4.00000000e-01	-1.11090000e-08	3.60068413e+07
2.64202503e+01	2023-07-12T16:13:06.576583	-1.00000000e-01	-6.88840000e-05	1.45171593e+03	1	-4.25000000e-01	-1.19190000e-08	3.56573538e+07
2.67080285e+01	2023-07-12T16:13:06.864273	-1.00000000e-01	-7.37390000e-05	1.35613447e+03	1	-4.50000000e-01	-1.47430000e-08	3.05229600e+07
2.70173370e+01	2023-07-12T16:13:07.173182	-1.00000000e-01	-7.80220000e-05	1.28168978e+03	1	-4.75000000e-01	-1.47810000e-08	3.21358501e+07
2.73080260e+01	2023-07-12T16:13:07.463636	-1.00000000e-01	-7.98600000e-05	1.25219133e+03	1	-5.00000000e-01	-1.40030000e-08	3.57066343e+07
2.76239055e+01	2023-07-12T16:13:07.779515	-1.00000000e-01	-8.46160000e-05	1.18180959e+03	1	-5.25000000e-01	-1.09610000e-08	4.78970897e+07
2.79376776e+01	2023-07-12T16:13:08.093541	-1.00000000e-01	-8.87290000e-05	1.12702724e+03	1	-5.50000000e-01	-1.25700000e-08	4.37549722e+07
2.82251949e+01	2023-07-12T16:13:08.381439	-1.00000000e-01	-9.14500000e-05	1.09349371e+03	1	-5.75000000e-01	-1.10250000e-08	5.21541950e+07
2.85449530e+01	2023-07-12T16:13:08.700993	-1.00000000e-01	-9.45310000e-05	1.05785404e+03	1	-6.00000000e-01	-9.86200000e-09	6.08395863e+07
2.88513618e+01	2023-07-12T16:13:09.007275	-1.00000000e-01	-9.54070000e-05	1.04814112e+03	1	-6.25000000e-01	-1.14980000e-08	5.43572795e+07
2.91480967e+01	2023-07-12T16:13:09.303824	-1.00000000e-01	-9.85880000e-05	1.01432223e+03	1	-6.50000000e-01	-1.16000000e-08	5.60344828e+07
2.94513834e+01	2023-07-12T16:13:09.607573	-1.00000000e-01	-9.82130000e-05	1.01819515e+03	1	-6.75000000e-01	-1.17850000e-08	5.72761986e+07
2.97498324e+01	2023-07-12T16:13:09.905374	-1.00000000e-01	-9.94710000e-05	1.00531813e+03	1	-7.00000000e-01	-1.14150000e-08	6.13228208e+07
3.00462371e+01	2023-07-12T16:13:10.201905	-1.00000000e-01	-9.74700000e-05	1.02595670e+03	1	-7.25000000e-01	-1.39000000e-08	5.21582734e+07
3.03373946e+01	2023-07-12T16:13:10.493741	-1.00000000e-01	-9.89900000e-05	1.01020305e+03	1	-7.50000000e-01	-1.22320000e-08	6.13145847e+07
3.06472516e+01	2023-07-12T16:13:10.803329	-1.00000000e-01	-9.93000000e-05	1.00704935e+03	1	-7.75000000e-01	-1.26420000e-08	6.13035912e+07
3.09311631e+01	2023-07-12T16:13:11.086734	-1.00000000e-01	-9.90500000e-05	1.00959112e+03	1	-8.00000000e-01	-1.31910000e-08	6.06474111e+07
3.12233770e+01	2023-07-12T16:13:11.379152	-1.00000000e-01	-9.78500000e-05	1.02197241e+03	1	-8.25000000e-01	-1.38690000e-08	5.94851828e+07
3.15194429e+01	2023-07-12T16:13:11.675639	-1.00000000e-01	-9.55300000e-05	1.04679158e+03	1	-8.50000000e-01	-1.50180000e-08	5.65987482e+07
3.18091899e+01	2023-07-12T16:13:11.964650	-1.00000000e-01	-9.46500000e-05	1.05652404e+03	1	-8.75000000e-01	-1.46610000e-08	5.96821499e+07
3.21230165e+01	2023-07-12T16:13:12.279046	-1.00000000e-01	-9.38300000e-05	1.06575722e+03	1	-9.00000000e-01	-1.50550000e-08	5.97808037e+07
3.24157383e+01	2023-07-12T16:13:12.571395	-1.00000000e-01	-9.31400000e-05	1.07365257e+03	1	-9.25000000e-01	-1.58300000e-08	5.84333544e+07
3.27265516e+01	2023-07-12T16:13:12.883057	-1.00000000e-01	-9.18200000e-05	1.08908734e+03	1	-9.50000000e-01	-1.65700000e-08	5.73325287e+07
3.30179704e+01	2023-07-12T16:13:13.174225	-1.00000000e-01	-9.02500000e-05	1.10803324e+03	1	-9.75000000e-01	-1.97320000e-08	4.94121224e+07
3.33058972e+01	2023-07-12T16:13:13.462297	-1.00000000e-01	-8.97540000e-05	1.11415647e+03	1	-1.00000000e+00	-2.04850000e-08	4.88162070e+07
3.35805045e+01	2023-07-12T16:13:13.736363	-1.00000000e-01	-8.95420000e-05	1.11679435e+03	1	-1.00000000e+00	-1.52160000e-08	6.57202944e+07
3.38683455e+01	2023-07-12T16:13:14.024747	-1.00000000e-01	-8.97680000e-05	1.11398271e+03	1	-9.75000000e-01	-7.02420000e-09	1.38805843e+08
3.41706074e+01	2023-07-12T16:13:14.326871	-1.00000000e-01	-8.95270000e-05	1.11698147e+03	1	-9.50000000e-01	-3.09270000e-09	3.07174960e+08
3.44673256e+01	2023-07-12T16:13:14.623119	-1.00000000e-01	-9.06580000e-05	1.10304661e+03	1	-9.25000000e-01	-1.28740000e-09	7.18502408e+08
3.47643711e+01	2023-07-12T16:13:14.920051	-1.00000000e-01	-9.07930000e-05	1.10140650e+03	1	-9.00000000e-01	-2.74250000e-09	3.28167730e+08
3.57150300e+01	2023-07-12T16:13:15.871325	-1.00000000e-01	-9.17250000e-05	1.09021532e+03	1	-8.75000000e-01	-1.27630000e-09	6.85575492e+08
3.66633127e+01	2023-07-12T16:13:16.818995	-1.00000000e-01	-9.30890000e-05	1.07424078e+03	1	-8.50000000e-01	1.43820000e-09	-5.91016548e+08
3.69654601e+01	2023-07-12T16:13:17.121650	-1.00000000e-01	-9.34070000e-05	1.07058358e+03	1	-8.25000000e-01	2.13820000e-09	-3.85838556e+08
3.72589352e+01	2023-07-12T16:13:17.415025	-1.00000000e-01	-9.35980000e-05	1.06839890e+03	1	-8.00000000e-01	2.87810000e-09	-2.77961155e+08
3.75654445e+01	2023-07-12T16:13:17.721046	-1.00000000e-01	-9.57320000e-05	1.04458279e+03	1	-7.75000000e-01	3.61690000e-09	-2.14271890e+08
3.78605950e+01	2023-07-12T16:13:18.016814	-1.00000000e-01	-9.67360000e-05	1.03374132e+03	1	-7.50000000e-01	4.23870000e-09	-1.76941043e+08
3.81564516e+01	2023-07-12T16:13:18.312132	-1.00000000e-01	-9.65810000e-05	1.03540034e+03	1	-7.25000000e-01	4.50580000e-09	-1.60903724e+08
3.84485666e+01	2023-07-12T16:13:18.604868	-1.00000000e-01	-9.70400000e-05	1.03050289e+03	1	-7.00000000e-01	5.48800000e-09	-1.27551020e+08
3.87534390e+01	2023-07-12T16:13:18.909990	-1.00000000e-01	-9.57470000e-05	1.04441915e+03	1	-6.75000000e-01	5.19390000e-09	-1.29960146e+08
3.90524229e+01	2023-07-12T16:13:19.208307	-1.00000000e-01	-9.59300000e-05	1.04242677e+03	1	-6.50000000e-01	9.84500000e-09	-6.60233621e+07
3.93444153e+01	2023-07-12T16:13:19.500483	-1.00000000e-01	-9.74640000e-05	1.02601986e+03	1	-6.25000000e-01	9.27000000e-09	-6.74217907e+07
3.96289172e+01	2023-07-12T16:13:19.785397	-1.00000000e-01	-9.64820000e-05	1.03646276e+03	1	-6.00000000e-01	9.70400000e-09	-6.18301731e+07
3.99159004e+01	2023-07-12T16:13:20.071574	-1.00000000e-01	-9.56970000e-05	1.04496484e+03	1	-5.75000000e-01	9.64000000e-09	-5.96473029e+07
4.02018521e+01	2023-07-12T16:13:20.358195	-1.00000000e-01	-9.49270000e-05	1.05344107e+03	1	-5.50000000e-01	1.02540000e-08	-5.36376048e+07
4.04926068e+01	2023-07-12T16:13:20.648799	-1.00000000e-01	-9.27080000e-05	1.07865556e+03	1	-5.25000000e-01	1.05930000e-08	-4.95610309e+07
4.07874435e+01	2023-07-12T16:13:20.943652	-1.00000000e-01	-9.20430000e-05	1.08644873e+03	1	-5.00000000e-01	1.06310000e-08	-4.70322641e+07
4.10742416e+01	2023-07-12T16:13:21.230055	-1.00000000e-01	-9.00650000e-05	1.11030922e+03	1	-4.75000000e-01	9.36600000e-09	-5.07153534e+07
4.13784342e+01	2023-07-12T16:13:21.535019	-1.00000000e-01	-8.76190000e-05	1.14130497e+03	1	-4.50000000e-01	9.38500000e-09	-4.79488546e+07
4.16816044e+01	2023-07-12T16:13:21.838209	-1.00000000e-01	-8.48560000e-05	1.17846705e+03	1	-4.25000000e-01	9.87700000e-09	-4.30292599e+07
4.19815713e+01	2023-07-12T16:13:22.137643	-1.00000000e-01	-8.06440000e-05	1.24001786e+03	1	-4.00000000e-01	1.00050000e-08	-3.99800100e+07
4.22725130e+01	2023-07-12T16:13:22.428436	-1.00000000e-01	-7.57890000e-05	1.31945269e+03	1	-3.75000000e-01	9.35900000e-09	-4.00683834e+07
4.25655569e+01	2023-07-12T16:13:22.721449	-1.00000000e-01	-7.15910000e-05	1.39682362e+03	1	-3.50000000e-01	1.05990000e-08	-3.30219832e+07
4.28664908e+01	2023-07-12T16:13:23.022537	-1.00000000e-01	-6.68560000e-05	1.49575206e+03	1	-3.25000000e-01	1.06050000e-08	-3.06459217e+07
4.31695301e+01	2023-07-12T16:13:23.326095	-1.00000000e-01	-6.13080000e-05	1.63110850e+03	1	-3.00000000e-01	9.21900000e-09	-3.25414904e+07
4.34663048e+01	2023-07-12T16:13:23.622955	-1.00000000e-01	-5.58810000e-05	1.78951701e+03	1	-2.75000000e-01	9.70400000e-09	-2.83388293e+07
4.37576105e+01	2023-07-12T16:13:23.914160	-1.00000000e-01	-4.94920000e-05	2.02052857e+03	1	-2.50000000e-01	9.02700000e-09	-2.76946937e+07
4.40532668e+01	2023-07-12T16:13:24.209068	-1.00000000e-01	-4.34710000e-05	2.30038416e+03	1	-2.25000000e-01	9.75500000e-09	-2.30650948e+07
4.43519332e+01	2023-07-12T16:13:24.507660	-1.00000000e-01	-3.68210000e-05	2.71584150e+03	1	-2.00000000e-01	1.24130000e-08	-1.61121405e+07
4.46439802e+01	2023-07-12T16:13:24.799623	-1.00000000e-01	-2.99510000e-05	3.33878668e+03	1	-1.75000000e-01	1.17610000e-08	-1.48796871e+07
4.49399808e+01	2023-07-12T16:13:25.096054	-1.00000000e-01	-2.35840000e-05	4.24016282e+03	1	-1.50000000e-01	9.02100000e-09	-1.66278683e+07
4.52303617e+01	2023-07-12T16:13:25.386814	-1.00000000e-01	-1.79090000e-05	5.58378469e+03	1	-1.25000000e-01	1.12060000e-08	-1.11547385e+07
4.55245448e+01	2023-07-12T16:13:25.680603	-1.00000000e-01	-1.30400000e-05	7.66871166e+03	1	-1.00000000e-01	1.08220000e-08	-9.24043615e+06
4.58185794e+01	2023-07-12T16:13:25.975105	-1.00000000e-01	-9.01100000e-06	1.10975474e+04	1	-7.50000000e-02	1.05090000e-08	-7.13673994e+06
4.61181447e+01	2023-07-12T16:13:26.274490	-1.00000000e-01	-5.88250000e-06	1.69995750e+04	1	-5.00000000e-02	1.12630000e-08	-4.43931457e+06
4.64138815e+01	2023-07-12T16:13:26.570315	-1.00000000e-01	-3.62140000e-06	2.76136301e+04	1	-2.50000000e-02	1.12310000e-08	-2.22598166e+06
4.66984056e+01	2023-07-12T16:13:26.854895	-1.00000000e-01	-2.07080000e-06	4.82905157e+04	1	0.00000000e+00	9.08500000e-09	0.00000000e+00
4.69931106e+01	2023-07-12T16:13:27.149028	-1.00000000e-01	-1.11510000e-06	8.96780558e+04	1	2.50000000e-02	1.16270000e-08	2.15016771e+06
4.72892900e+01	2023-07-12T16:13:27.445177	-1.00000000e-01	-5.46120000e-07	1.83109939e+05	1	5.00000000e-02	1.15950000e-08	4.31220354e+06
4.75852996e+01	2023-07-12T16:13:27.741197	-1.00000000e-01	-2.41230000e-07	4.14542138e+05	1	7.50000000e-02	9.43000000e-09	7.95334040e+06
4.78825133e+01	2023-07-12T16:13:28.039043	-1.00000000e-01	-9.48300000e-08	1.05451861e+06	1	1.00000000e-01	1.08930000e-08	9.18020747e+06
4.81754661e+01	2023-07-12T16:13:28.331608	-1.00000000e-01	-3.86150000e-08	2.58966723e+06	1	1.25000000e-01	9.39100000e-09	1.33106165e+07
4.84816172e+01	2023-07-12T16:13:28.637421	-1.00000000e-01	-1.85770000e-08	5.38300048e+06	1	1.50000000e-01	1.12180000e-08	1.33713674e+07
4.87741959e+01	2023-07-12T16:13:28.930395	-1.00000000e-01	-1.37320000e-08	7.28226041e+06	1	1.75000000e-01	1.05350000e-08	1.66112957e+07
4.90731236e+01	2023-07-12T16:13:29.229397	-1.00000000e-01	-1.08070000e-08	9.25326177e+06	1	2.00000000e-01	1.06690000e-08	1.87458993e+07
4.93660789e+01	2023-07-12T16:13:29.521929	-1.00000000e-01	-9.61900000e-09	1.03960911e+07	1	2.25000000e-01	1.02350000e-08	2.19833903e+07
4.96519273e+01	2023-07-12T16:13:29.807882	-1.00000000e-01	-9.70300000e-09	1.03060909e+07	1	2.50000000e-01	9.85800000e-09	2.53601136e+07
4.99849653e+01	2023-07-12T16:13:30.140776	-1.00000000e-01	-9.75600000e-09	1.02501025e+07	1	2.75000000e-01	1.03620000e-08	2.65392781e+07
5.02777019e+01	2023-07-12T16:13:30.434289	-1.00000000e-01	-1.00370000e-08	9.96313640e+06	1	3.00000000e-01	1.04450000e-08	2.87218765e+07
5.05675376e+01	2023-07-12T16:13:30.724194	-1.00000000e-01	-7.00690000e-09	1.42716465e+07	1	3.25000000e-01	1.10390000e-08	2.94410726e+07
5.08600416e+01	2023-07-12T16:13:31.015924	-1.00000000e-01	-5.00570000e-09	1.99772260e+07	1	3.50000000e-01	9.23200000e-09	3.79116118e+07
5.11479355e+01	2023-07-12T16:13:31.304493	-1.00000000e-01	-5.08210000e-09	1.96769052e+07	1	3.75000000e-01	7.66620000e-09	4.89160210e+07
5.14915180e+01	2023-07-12T16:13:31.647617	-1.00000000e-01	-5.04070000e-09	1.98385145e+07	1	4.00000000e-01	7.14840000e-09	5.59565777e+07
5.18303140e+01	2023-07-12T16:13:31.986288	-1.00000000e-01	-5.73510000e-09	1.74364876e+07	1	4.25000000e-01	7.66500000e-09	5.54468363e+07
5.21307613e+01	2023-07-12T16:13:32.287091	-1.00000000e-01	-4.88640000e-09	2.04649640e+07	1	4.50000000e-01	8.11540000e-09	5.54501318e+07
5.24341293e+01	2023-07-12T16:13:32.589972	-1.00000000e-01	-6.97760000e-09	1.43315753e+07	1	4.75000000e-01	9.99100000e-09	4.75427885e+07
5.27214804e+01	2023-07-12T16:13:32.877978	-1.00000000e-01	-7.16270000e-09	1.39612157e+07	1	5.00000000e-01	6.96500000e-09	7.17875090e+07
5.30262712e+01	2023-07-12T16:13:33.182724	-1.00000000e-01	-5.53790000e-09	1.80573864e+07	1	5.25000000e-01	7.04990000e-09	7.44691414e+07
5.33233958e+01	2023-07-12T16:13:33.479954	-1.00000000e-01	-6.84260000e-09	1.46143279e+07	1	5.50000000e-01	7.17570000e-09	7.66475745e+07
5.36191211e+01	2023-07-12T16:13:33.775365	-1.00000000e-01	-7.08120000e-09	1.41219002e+07	1	5.75000000e-01	6.81490000e-09	8.43739453e+07
5.39247997e+01	2023-07-12T16:13:34.080863	-1.00000000e-01	-5.67580000e-09	1.76186617e+07	1	6.00000000e-01	6.79810000e-09	8.82599550e+07
5.42216741e+01	2023-07-12T16:13:34.377682	-1.00000000e-01	-6.40170000e-09	1.56208507e+07	1	6.25000000e-01	6.79600000e-09	9.19658623e+07
5.45591671e+01	2023-07-12T16:13:34.715449	-1.00000000e-01	-4.94990000e-09	2.02024283e+07	1	6.50000000e-01	7.14630000e-09	9.09561591e+07
5.48826376e+01	2023-07-12T16:13:35.039061	-1.00000000e-01	-3.98830000e-09	2.50733395e+07	1	6.75000000e-01	6.26150000e-09	1.07801645e+08
5.52263604e+01	2023-07-12T16:13:35.382192	-1.00000000e-01	-5.40860000e-09	1.84890730e+07	1	7.00000000e-01	6.23600000e-09	1.12251443e+08
5.55671901e+01	2023-07-12T16:13:35.723840	-1.00000000e-01	-6.02450000e-09	1.65988879e+07	1	7.25000000e-01	5.95370000e-09	1.21773015e+08
5.58578044e+01	2023-07-12T16:13:36.013626	-1.00000000e-01	-6.28880000e-09	1.59012848e+07	1	7.50000000e-01	6.74080000e-09	1.11262758e+08
5.61609697e+01	2023-07-12T16:13:36.316905	-1.00000000e-01	-4.06900000e-09	2.45760629e+07	1	7.75000000e-01	6.66610000e-09	1.16259882e+08
5.64593399e+01	2023-07-12T16:13:36.615174	-1.00000000e-01	-6.09740000e-09	1.64004330e+07	1	8.00000000e-01	9.66000000e-09	8.28157350e+07
5.67593184e+01	2023-07-12T16:13:36.915357	-1.00000000e-01	-6.20100000e-09	1.61264312e+07	1	8.25000000e-01	7.18060000e-09	1.14892906e+08
5.70617226e+01	2023-07-12T16:13:37.217879	-1.00000000e-01	-5.50580000e-09	1.81626648e+07	1	8.50000000e-01	6.86660000e-09	1.23787610e+08
5.73578327e+01	2023-07-12T16:13:37.514066	-1.00000000e-01	-5.62800000e-09	1.77683014e+07	1	8.75000000e-01	1.09120000e-08	8.01869501e+07
5.76494103e+01	2023-07-12T16:13:37.805287	-1.00000000e-01	-4.56630000e-09	2.18995686e+07	1	9.00000000e-01	6.75270000e-09	1.33280021e+08
5.80015914e+01	2023-07-12T16:13:38.158249	-1.00000000e-01	-4.58270000e-09	2.18211971e+07	1	9.25000000e-01	7.29420000e-09	1.26813084e+08
5.83475849e+01	2023-07-12T16:13:38.504358	-1.00000000e-01	-9.60180000e-09	1.04147139e+07	1	9.50000000e-01	9.92100000e-09	9.57564762e+07
5.86412930e+01	2023-07-12T16:13:38.797896	-1.00000000e-01	-5.56010000e-09	1.79852880e+07	1	9.75000000e-01	7.83990000e-09	1.24363831e+08
5.90180316e+01	2023-07-12T16:13:39.174862	-1.00000000e-01	-4.82560000e-09	2.07228117e+07	1	1.00000000e+00	9.12400000e-09	1.09601052e+08
5.93105200e+01	2023-07-12T16:13:39.467230	-1.00000000e-01	-3.56530000e-09	2.80481306e+07	2	1.00000000e+00	6.13500000e-09	1.62999185e+08
5.96021029e+01	2023-07-12T16:13:39.758141	-1.00000000e-01	-2.14850000e-09	4.65441005e+07	2	9.75000000e-01	3.78570000e-09	2.57548142e+08
5.99019324e+01	2023-07-12T16:13:40.058005	-1.00000000e-01	9.68000000e-10	-1.03305785e+08	2	9.50000000e-01	2.58890000e-09	3.66951215e+08
6.01924565e+01	2023-07-12T16:13:40.349256	-1.00000000e-01	-6.96300000e-10	1.43616257e+08	2	9.25000000e-01	2.70140000e-09	3.42415044e+08
6.10299401e+01	2023-07-12T16:13:41.186249	-1.00000000e-01	-1.48480000e-09	6.73491379e+07	2	9.00000000e-01	2.54850000e-09	3.53148911e+08
6.18502578e+01	2023-07-12T16:13:42.006139	-1.00000000e-01	2.31980000e-09	-4.31071644e+07	2	8.75000000e-01	1.51790000e-09	5.76454312e+08
6.26869365e+01	2023-07-12T16:13:42.843434	-1.00000000e-01	4.33740000e-09	-2.30552866e+07	2	8.50000000e-01	9.25360000e-10	9.18561425e+08
6.32614857e+01	2023-07-12T16:13:43.417485	-1.00000000e-01	-9.90580000e-10	1.00950958e+08	2	8.25000000e-01	8.23080000e-10	1.00233270e+09
6.38413339e+01	2023-07-12T16:13:43.997449	-1.00000000e-01	-3.55530000e-10	2.81270216e+08	2	8.00000000e-01	6.36360000e-10	1.25715004e+09
6.44257203e+01	2023-07-12T16:13:44.582491	-1.00000000e-01	5.36500000e-10	-1.86393290e+08	2	7.75000000e-01	6.23220000e-10	1.24354161e+09
6.51314399e+01	2023-07-12T16:13:45.288090	-1.00000000e-01	-3.88290000e-10	2.57539468e+08	2	7.50000000e-01	6.55270000e-10	1.14456636e+09
6.58307792e+01	2023-07-12T16:13:45.987253	-1.00000000e-01	-4.98740000e-10	2.00505273e+08	2	7.25000000e-01	6.88520000e-10	1.05298321e+09
6.65301944e+01	2023-07-12T16:13:46.687042	-1.00000000e-01	-6.10930000e-10	1.63684874e+08	2	7.00000000e-01	5.85720000e-10	1.19511029e+09
6.72384712e+01	2023-07-12T16:13:47.395305	-1.00000000e-01	-6.05260000e-10	1.65218253e+08	2	6.75000000e-01	9.30200000e-10	7.25650398e+08
6.75362195e+01	2023-07-12T16:13:47.692930	-1.00000000e-01	-1.18260000e-09	8.45594453e+07	2	6.50000000e-01	3.17400000e-10	2.04788910e+09
6.81237271e+01	2023-07-12T16:13:48.279806	-1.00000000e-01	9.49390000e-10	-1.05330791e+08	2	6.25000000e-01	2.66900000e-10	2.34170101e+09
6.86928318e+01	2023-07-12T16:13:48.849586	-1.00000000e-01	-3.25490000e-10	3.07229101e+08	2	6.00000000e-01	1.86140000e-10	3.22338025e+09
6.94373354e+01	2023-07-12T16:13:49.593389	-1.00000000e-01	6.42210000e-10	-1.55712306e+08	2	5.75000000e-01	1.02540000e-10	5.60756778e+09
7.01335330e+01	2023-07-12T16:13:50.289771	-1.00000000e-01	-2.18970000e-10	4.56683564e+08	2	5.50000000e-01	-1.24050000e-10	-4.43369609e+09
7.08472576e+01	2023-07-12T16:13:51.003966	-1.00000000e-01	3.23000000e-12	-3.09597523e+10	2	5.25000000e-01	-2.32000000e-09	-2.26293103e+08
7.11364196e+01	2023-07-12T16:13:51.292551	-1.00000000e-01	7.08820000e-10	-1.41079541e+08	2	5.00000000e-01	-1.72610000e-09	-2.89670355e+08
7.18294922e+01	2023-07-12T16:13:51.986174	-1.00000000e-01	3.56790000e-09	-2.80276914e+07	2	4.75000000e-01	-4.53820000e-10	-1.04667049e+09
7.29509067e+01	2023-07-12T16:13:53.107740	-1.00000000e-01	2.90350000e-10	-3.44411917e+08	2	4.50000000e-01	-1.19660000e-09	-3.76065519e+08
7.32553848e+01	2023-07-12T16:13:53.412410	-1.00000000e-01	1.17950000e-09	-8.47816872e+07	2	4.25000000e-01	-1.84910000e-09	-2.29841545e+08
7.40974358e+01	2023-07-12T16:13:54.254243	-1.00000000e-01	2.43980000e-09	-4.09869661e+07	2	4.00000000e-01	-2.12860000e-09	-1.87916941e+08
7.44254282e+01	2023-07-12T16:13:54.581929	-1.00000000e-01	9.16500000e-10	-1.09110747e+08	2	3.75000000e-01	-1.66470000e-09	-2.25265814e+08
7.52966090e+01	2023-07-12T16:13:55.453503	-1.00000000e-01	2.83420000e-09	-3.52833251e+07	2	3.50000000e-01	-3.16120000e-09	-1.10717449e+08
7.56303338e+01	2023-07-12T16:13:55.787167	-1.00000000e-01	-3.31600000e-10	3.01568154e+08	2	3.25000000e-01	-1.55580000e-09	-2.08895745e+08
7.69092107e+01	2023-07-12T16:13:57.066060	-1.00000000e-01	1.94890000e-09	-5.13109959e+07	2	3.00000000e-01	-2.29770000e-09	-1.30565348e+08
7.72434135e+01	2023-07-12T16:13:57.400293	-1.00000000e-01	3.30710000e-09	-3.02379728e+07	2	2.75000000e-01	-3.14880000e-09	-8.73348577e+07
7.75644615e+01	2023-07-12T16:13:57.721104	-1.00000000e-01	2.12260000e-09	-4.71120324e+07	2	2.50000000e-01	-3.99400000e-09	-6.25938908e+07
7.79100440e+01	2023-07-12T16:13:58.066467	-1.00000000e-01	2.46120000e-09	-4.06305867e+07	2	2.25000000e-01	-4.89280000e-09	-4.59859385e+07
7.82525093e+01	2023-07-12T16:13:58.408756	-1.00000000e-01	3.75370000e-09	-2.66403815e+07	2	2.00000000e-01	-9.30700000e-09	-2.14892017e+07
7.85425760e+01	2023-07-12T16:13:58.698927	-1.00000000e-01	2.95060000e-09	-3.38914119e+07	2	1.75000000e-01	-9.72800000e-09	-1.79893092e+07
7.88389507e+01	2023-07-12T16:13:58.995693	-1.00000000e-01	3.60720000e-09	-2.77223331e+07	2	1.50000000e-01	-1.13570000e-08	-1.32077133e+07
7.92031896e+01	2023-07-12T16:13:59.359911	-1.00000000e-01	3.48290000e-09	-2.87117058e+07	2	1.25000000e-01	-1.25260000e-08	-9.97924317e+06
7.94882449e+01	2023-07-12T16:13:59.644351	-1.00000000e-01	-1.55610000e-08	6.42632222e+06	2	1.00000000e-01	-9.56900000e-09	-1.04504128e+07
7.97774783e+01	2023-07-12T16:13:59.934282	-1.00000000e-01	-1.93740000e-08	5.16155673e+06	2	7.50000000e-02	-3.06750000e-08	-2.44498778e+06
8.00740672e+01	2023-07-12T16:14:00.230801	-1.00000000e-01	-1.74690000e-07	5.72442613e+05	2	5.00000000e-02	-2.59350000e-08	-1.92789666e+06
8.04074672e+01	2023-07-12T16:14:00.564411	-1.00000000e-01	-3.33300000e-07	3.00030003e+05	2	2.50000000e-02	-9.19900000e-09	-2.71768671e+06
8.07034489e+01	2023-07-12T16:14:00.859995	-1.00000000e-01	-6.88280000e-07	1.45289708e+05	2	0.00000000e+00	-9.41500000e-09	-0.00000000e+00
8.09943774e+01	2023-07-12T16:14:01.151221	-1.00000000e-01	-1.31000000e-06	7.63358779e+04	2	-2.50000000e-02	-9.64500000e-09	2.59201659e+06
8.12954287e+01	2023-07-12T16:14:01.451991	-1.00000000e-01	-2.34760000e-06	4.25966945e+04	2	-5.00000000e-02	-9.31300000e-09	5.36883926e+06
8.15944360e+01	2023-07-12T16:14:01.751294	-1.00000000e-01	-3.91570000e-06	2.55382179e+04	2	-7.50000000e-02	-9.17900000e-09	8.17082471e+06
8.18926224e+01	2023-07-12T16:14:02.048789	-1.00000000e-01	-6.19030000e-06	1.61543059e+04	2	-1.00000000e-01	-9.03800000e-09	1.10643948e+07
8.21820331e+01	2023-07-12T16:14:02.338642	-1.00000000e-01	-9.18770000e-06	1.08841168e+04	2	-1.25000000e-01	-1.00800000e-08	1.24007937e+07
8.24733124e+01	2023-07-12T16:14:02.629755	-1.00000000e-01	-1.30680000e-05	7.65228038e+03	2	-1.50000000e-01	-9.13400000e-09	1.64221590e+07
8.27670451e+01	2023-07-12T16:14:02.923865	-1.00000000e-01	-1.79940000e-05	5.55740802e+03	2	-1.75000000e-01	-1.03860000e-08	1.68496052e+07
8.30642059e+01	2023-07-12T16:14:03.220870	-1.00000000e-01	-2.37040000e-05	4.21869727e+03	2	-2.00000000e-01	-1.03990000e-08	1.92326185e+07
8.33596727e+01	2023-07-12T16:14:03.516022	-1.00000000e-01	-3.03330000e-05	3.29673952e+03	2	-2.25000000e-01	-9.16600000e-09	2.45472398e+07
8.36452869e+01	2023-07-12T16:14:03.801903	-1.00000000e-01	-3.72590000e-05	2.68391530e+03	2	-2.50000000e-01	-1.05720000e-08	2.36473704e+07
8.39425769e+01	2023-07-12T16:14:04.098793	-1.00000000e-01	-4.47070000e-05	2.23678619e+03	2	-2.75000000e-01	-1.03290000e-08	2.66240682e+07
8.42446739e+01	2023-07-12T16:14:04.401146	-1.00000000e-01	-5.23820000e-05	1.90905273e+03	2	-3.00000000e-01	-9.25600000e-09	3.24114088e+07
8.45385809e+01	2023-07-12T16:14:04.695544	-1.00000000e-01	-5.99230000e-05	1.66880830e+03	2	-3.25000000e-01	-9.40200000e-09	3.45671134e+07
8.48312576e+01	2023-07-12T16:14:04.987932	-1.00000000e-01	-6.69830000e-05	1.49291611e+03	2	-3.50000000e-01	-1.03730000e-08	3.37414441e+07
8.51223843e+01	2023-07-12T16:14:05.279403	-1.00000000e-01	-7.70470000e-05	1.29790907e+03	2	-3.75000000e-01	-1.01180000e-08	3.70626606e+07
8.54186712e+01	2023-07-12T16:14:05.575160	-1.00000000e-01	-8.75630000e-05	1.14203488e+03	2	-4.00000000e-01	-9.39000000e-09	4.25985091e+07
8.57275354e+01	2023-07-12T16:14:05.884623	-1.00000000e-01	-9.47710000e-05	1.05517511e+03	2	-4.25000000e-01	-1.18110000e-08	3.59834053e+07
8.60299475e+01	2023-07-12T16:14:06.187005	-1.00000000e-01	-1.00930000e-04	9.90785693e+02	2	-4.50000000e-01	-1.29290000e-08	3.48054761e+07
8.63323620e+01	2023-07-12T16:14:06.489087	-1.00000000e-01	-1.07910000e-04	9.26698174e+02	2	-4.75000000e-01	-1.40590000e-08	3.37861868e+07
8.66244282e+01	2023-07-12T16:14:06.780870	-1.00000000e-01	-1.12740000e-04	8.86996629e+02	2	-5.00000000e-01	-1.38100000e-08	3.62056481e+07
8.69151648e+01	2023-07-12T16:14:07.071739	-1.00000000e-01	-1.17830000e-04	8.48680302e+02	2	-5.25000000e-01	-1.20600000e-08	4.35323383e+07
8.72324876e+01	2023-07-12T16:14:07.388901	-1.00000000e-01	-1.22480000e-04	8.16459830e+02	2	-5.50000000e-01	-9.91400000e-09	5.54771031e+07
8.75193514e+01	2023-07-12T16:14:07.675619	-1.00000000e-01	-1.26000000e-04	7.93650794e+02	2	-5.75000000e-01	-1.03290000e-08	5.56685061e+07
8.78144847e+01	2023-07-12T16:14:07.971577	-1.00000000e-01	-1.28960000e-04	7.75434243e+02	2	-6.00000000e-01	-1.05010000e-08	5.71374155e+07
8.81305652e+01	2023-07-12T16:14:08.287545	-1.00000000e-01	-1.32290000e-04	7.55915035e+02	2	-6.25000000e-01	-9.55000000e-09	6.54450262e+07
8.84289334e+01	2023-07-12T16:14:08.585562	-1.00000000e-01	-1.34300000e-04	7.44601638e+02	2	-6.50000000e-01	-1.05910000e-08	6.13728638e+07
8.87113935e+01	2023-07-12T16:14:08.867838	-1.00000000e-01	-1.35810000e-04	7.36322804e+02	2	-6.75000000e-01	-1.07820000e-08	6.26043406e+07
8.90025169e+01	2023-07-12T16:14:09.159571	-1.00000000e-01	-1.36880000e-04	7.30566920e+02	2	-7.00000000e-01	-1.14790000e-08	6.09809217e+07
8.93123669e+01	2023-07-12T16:14:09.469556	-1.00000000e-01	-1.37440000e-04	7.27590221e+02	2	-7.25000000e-01	-1.09230000e-08	6.63737069e+07
8.96064057e+01	2023-07-12T16:14:09.763257	-1.00000000e-01	-1.37880000e-04	7.25268349e+02	2	-7.50000000e-01	-1.09940000e-08	6.82190286e+07
8.99056358e+01	2023-07-12T16:14:10.062124	-1.00000000e-01	-1.37440000e-04	7.27590221e+02	2	-7.75000000e-01	-1.10830000e-08	6.99269151e+07
9.01964261e+01	2023-07-12T16:14:10.353338	-1.00000000e-01	-1.36500000e-04	7.32600733e+02	2	-8.00000000e-01	-1.19070000e-08	6.71873688e+07
9.04968570e+01	2023-07-12T16:14:10.653350	-1.00000000e-01	-1.35430000e-04	7.38388836e+02	2	-8.25000000e-01	-1.12860000e-08	7.30994152e+07
9.07900990e+01	2023-07-12T16:14:10.947158	-1.00000000e-01	-1.33540000e-04	7.48839299e+02	2	-8.50000000e-01	-1.29610000e-08	6.55813595e+07
9.10800233e+01	2023-07-12T16:14:11.236910	-1.00000000e-01	-1.31720000e-04	7.59186152e+02	2	-8.75000000e-01	-1.30250000e-08	6.71785029e+07
9.13794056e+01	2023-07-12T16:14:11.535822	-1.00000000e-01	-1.29650000e-04	7.71307366e+02	2	-9.00000000e-01	-1.41740000e-08	6.34965430e+07
9.16761800e+01	2023-07-12T16:14:11.832920	-1.00000000e-01	-1.27760000e-04	7.82717595e+02	2	-9.25000000e-01	-1.38550000e-08	6.67629015e+07
9.19775963e+01	2023-07-12T16:14:12.134330	-1.00000000e-01	-1.26010000e-04	7.93587810e+02	2	-9.50000000e-01	-1.59500000e-08	5.95611285e+07
9.22759001e+01	2023-07-12T16:14:12.432267	-1.00000000e-01	-1.24750000e-04	8.01603206e+02	2	-9.75000000e-01	-1.72850000e-08	5.64072896e+07
9.25671524e+01	2023-07-12T16:14:12.724423	-1.00000000e-01	-1.24370000e-04	8.04052424e+02	2	-1.00000000e+00	-1.88570000e-08	5.30307048e+07
9.28298225e+01	2023-07-12T16:14:12.986608	-1.00000000e-01	-1.24370000e-04	8.04052424e+02	2	-1.00000000e+00	-1.35480000e-08	7.38116327e+07
9.31218440e+01	2023-07-12T16:14:13.278323	-1.00000000e-01	-1.24560000e-04	8.02825947e+02	2	-9.75000000e-01	-6.37890000e-09	1.52847670e+08
9.34177445e+01	2023-07-12T16:14:13.574622	-1.00000000e-01	-1.25690000e-04	7.95608243e+02	2	-9.50000000e-01	-2.68810000e-09	3.53409471e+08
9.37113327e+01	2023-07-12T16:14:13.867835	-1.00000000e-01	-1.27260000e-04	7.85792865e+02	2	-9.25000000e-01	-3.58110000e-09	2.58300522e+08
9.46668257e+01	2023-07-12T16:14:14.823856	-1.00000000e-01	-1.29520000e-04	7.72081532e+02	2	-9.00000000e-01	-2.29140000e-09	3.92772977e+08
9.56157825e+01	2023-07-12T16:14:15.772964	-1.00000000e-01	-1.32100000e-04	7.57002271e+02	2	-8.75000000e-01	-1.43910000e-09	6.08018901e+08
9.65655052e+01	2023-07-12T16:14:16.722420	-1.00000000e-01	-1.35370000e-04	7.38716111e+02	2	-8.50000000e-01	1.11750000e-09	-7.60626398e+08
9.68673605e+01	2023-07-12T16:14:17.024487	-1.00000000e-01	-1.38130000e-04	7.23955694e+02	2	-8.25000000e-01	2.26750000e-09	-3.63836825e+08
9.71645385e+01	2023-07-12T16:14:17.321010	-1.00000000e-01	-1.40650000e-04	7.10984714e+02	2	-8.00000000e-01	3.14570000e-09	-2.54315415e+08
9.74827619e+01	2023-07-12T16:14:17.639458	-1.00000000e-01	-1.42970000e-04	6.99447437e+02	2	-7.75000000e-01	3.66860000e-09	-2.11252249e+08
9.77644392e+01	2023-07-12T16:14:17.921150	-1.00000000e-01	-1.44790000e-04	6.90655432e+02	2	-7.50000000e-01	3.99210000e-09	-1.87871045e+08
9.80654789e+01	2023-07-12T16:14:18.222482	-1.00000000e-01	-1.46180000e-04	6.84088111e+02	2	-7.25000000e-01	4.37220000e-09	-1.65820411e+08
9.83633909e+01	2023-07-12T16:14:18.519985	-1.00000000e-01	-1.47060000e-04	6.79994560e+02	2	-7.00000000e-01	4.81840000e-09	-1.45276440e+08
9.86602411e+01	2023-07-12T16:14:18.816662	-1.00000000e-01	-1.47310000e-04	6.78840540e+02	2	-6.75000000e-01	5.00070000e-09	-1.34981103e+08
9.89640878e+01	2023-07-12T16:14:19.120712	-1.00000000e-01	-1.47120000e-04	6.79717238e+02	2	-6.50000000e-01	5.26690000e-09	-1.23412254e+08
9.92502066e+01	2023-07-12T16:14:19.406987	-1.00000000e-01	-1.46430000e-04	6.82920167e+02	2	-6.25000000e-01	9.20600000e-09	-6.78905062e+07
9.95408746e+01	2023-07-12T16:14:19.698127	-1.00000000e-01	-1.45170000e-04	6.88847558e+02	2	-6.00000000e-01	9.58300000e-09	-6.26108734e+07
9.98328699e+01	2023-07-12T16:14:19.990174	-1.00000000e-01	-1.43350000e-04	6.97593303e+02	2	-5.75000000e-01	9.60200000e-09	-5.98833576e+07
1.00114682e+02	2023-07-12T16:14:20.271953	-1.00000000e-01	-1.41020000e-04	7.09119274e+02	2	-5.50000000e-01	1.04900000e-08	-5.24308866e+07
1.00411431e+02	2023-07-12T16:14:20.568426	-1.00000000e-01	-1.37940000e-04	7.24952878e+02	2	-5.25000000e-01	1.05290000e-08	-4.98622851e+07
1.00702513e+02	2023-07-12T16:14:20.859872	-1.00000000e-01	-1.34370000e-04	7.44213738e+02	2	-5.00000000e-01	1.18580000e-08	-4.21656266e+07
1.00990720e+02	2023-07-12T16:14:21.148011	-1.00000000e-01	-1.29960000e-04	7.69467528e+02	2	-4.75000000e-01	9.44900000e-09	-5.02698698e+07
1.01285735e+02	2023-07-12T16:14:21.442807	-1.00000000e-01	-1.24940000e-04	8.00384184e+02	2	-4.50000000e-01	1.03500000e-08	-4.34782609e+07
1.01586528e+02	2023-07-12T16:14:21.743695	-1.00000000e-01	-1.19090000e-04	8.39701066e+02	2	-4.25000000e-01	1.01960000e-08	-4.16830129e+07
1.01881713e+02	2023-07-12T16:14:22.038867	-1.00000000e-01	-1.12490000e-04	8.88967908e+02	2	-4.00000000e-01	9.03400000e-09	-4.42771751e+07
1.02174030e+02	2023-07-12T16:14:22.330807	-1.00000000e-01	-1.05020000e-04	9.52199581e+02	2	-3.75000000e-01	9.14800000e-09	-4.09925667e+07
1.02459582e+02	2023-07-12T16:14:22.616981	-1.00000000e-01	-9.66600000e-05	1.03455411e+03	2	-3.50000000e-01	9.08500000e-09	-3.85250413e+07
1.02755521e+02	2023-07-12T16:14:22.912934	-1.00000000e-01	-8.77610000e-05	1.13945830e+03	2	-3.25000000e-01	1.01320000e-08	-3.20765890e+07
1.03058160e+02	2023-07-12T16:14:23.214640	-1.00000000e-01	-7.81420000e-05	1.27972153e+03	2	-3.00000000e-01	9.90900000e-09	-3.02755071e+07
1.03349302e+02	2023-07-12T16:14:23.505742	-1.00000000e-01	-6.82620000e-05	1.46494389e+03	2	-2.75000000e-01	9.21200000e-09	-2.98523665e+07
1.03639033e+02	2023-07-12T16:14:23.796473	-1.00000000e-01	-5.85170000e-05	1.70890510e+03	2	-2.50000000e-01	1.16080000e-08	-2.15368711e+07
1.03938396e+02	2023-07-12T16:14:24.095125	-1.00000000e-01	-4.89340000e-05	2.04356889e+03	2	-2.25000000e-01	1.12630000e-08	-1.99769156e+07
1.04234226e+02	2023-07-12T16:14:24.391348	-1.00000000e-01	-3.99230000e-05	2.50482178e+03	2	-2.00000000e-01	1.08730000e-08	-1.83941874e+07
1.04526853e+02	2023-07-12T16:14:24.683602	-1.00000000e-01	-3.16540000e-05	3.15915840e+03	2	-1.75000000e-01	1.05670000e-08	-1.65609918e+07
1.04821658e+02	2023-07-12T16:14:24.978733	-1.00000000e-01	-2.42830000e-05	4.11810732e+03	2	-1.50000000e-01	1.10850000e-08	-1.35317997e+07
1.05111660e+02	2023-07-12T16:14:25.268894	-1.00000000e-01	-1.80010000e-05	5.55524693e+03	2	-1.25000000e-01	1.03820000e-08	-1.20400694e+07
1.05414261e+02	2023-07-12T16:14:25.570855	-1.00000000e-01	-1.28420000e-05	7.78694907e+03	2	-1.00000000e-01	1.00370000e-08	-9.96313640e+06
1.05711750e+02	2023-07-12T16:14:25.868366	-1.00000000e-01	-8.73210000e-06	1.14519989e+04	2	-7.50000000e-02	9.92800000e-09	-7.55439162e+06
1.06003618e+02	2023-07-12T16:14:26.160761	-1.00000000e-01	-5.69670000e-06	1.75540225e+04	2	-5.00000000e-02	1.06940000e-08	-4.67551898e+06
1.06305411e+02	2023-07-12T16:14:26.462614	-1.00000000e-01	-3.48530000e-06	2.86919347e+04	2	-2.50000000e-02	1.09240000e-08	-2.28853900e+06
1.06593494e+02	2023-07-12T16:14:26.750229	-1.00000000e-01	-1.98430000e-06	5.03956055e+04	2	0.00000000e+00	1.04010000e-08	0.00000000e+00
1.06894756e+02	2023-07-12T16:14:27.051951	-1.00000000e-01	-1.04610000e-06	9.55931555e+04	2	2.50000000e-02	8.99500000e-09	2.77932185e+06
1.07190501e+02	2023-07-12T16:14:27.347346	-1.00000000e-01	-5.09940000e-07	1.96101502e+05	2	5.00000000e-02	9.42300000e-09	5.30616576e+06
1.07487625e+02	2023-07-12T16:14:27.644231	-1.00000000e-01	-2.25100000e-07	4.44247001e+05	2	7.50000000e-02	9.51300000e-09	7.88394828e+06
1.07783051e+02	2023-07-12T16:14:27.939828	-1.00000000e-01	-9.06500000e-08	1.10314396e+06	2	1.00000000e-01	9.18700000e-09	1.08849461e+07
1.08074502e+02	2023-07-12T16:14:28.231731	-1.00000000e-01	-4.07630000e-08	2.45320511e+06	2	1.25000000e-01	9.54500000e-09	1.30958617e+07
1.08381535e+02	2023-07-12T16:14:28.538954	-1.00000000e-01	-1.64680000e-08	6.07238280e+06	2	1.50000000e-01	9.81300000e-09	1.52858453e+07
1.08714238e+02	2023-07-12T16:14:28.871431	-1.00000000e-01	-1.18450000e-08	8.44238075e+06	2	1.75000000e-01	9.49400000e-09	1.84326943e+07
1.09019322e+02	2023-07-12T16:14:29.176622	-1.00000000e-01	-9.76900000e-09	1.02364623e+07	2	2.00000000e-01	9.90200000e-09	2.01979398e+07
1.09310793e+02	2023-07-12T16:14:29.468300	-1.00000000e-01	-6.99260000e-09	1.43008323e+07	2	2.25000000e-01	1.16720000e-08	1.92769020e+07
1.09632502e+02	2023-07-12T16:14:29.789090	-1.00000000e-01	-5.55440000e-09	1.80037448e+07	2	2.50000000e-01	9.66000000e-09	2.58799172e+07
1.09975647e+02	2023-07-12T16:14:30.133119	-1.00000000e-01	-6.82110000e-09	1.46603920e+07	2	2.75000000e-01	1.02410000e-08	2.68528464e+07
1.10310762e+02	2023-07-12T16:14:30.468185	-1.00000000e-01	-7.09980000e-09	1.40849038e+07	2	3.00000000e-01	9.69800000e-09	3.09342132e+07
1.10644909e+02	2023-07-12T16:14:30.801623	-1.00000000e-01	-5.31570000e-09	1.88121978e+07	2	3.25000000e-01	7.69480000e-09	4.22363154e+07
1.10978690e+02	2023-07-12T16:14:31.136100	-1.00000000e-01	-4.89490000e-09	2.04294265e+07	2	3.50000000e-01	7.23720000e-09	4.83612447e+07
1.11310487e+02	2023-07-12T16:14:31.467823	-1.00000000e-01	-6.42750000e-09	1.55581486e+07	2	3.75000000e-01	7.48800000e-09	5.00801282e+07
1.11648179e+02	2023-07-12T16:14:31.805286	-1.00000000e-01	-5.72300000e-09	1.74733531e+07	2	4.00000000e-01	7.33500000e-09	5.45330607e+07
1.11981535e+02	2023-07-12T16:14:32.138140	-1.00000000e-01	-4.31980000e-09	2.31492199e+07	2	4.25000000e-01	7.87530000e-09	5.39661981e+07
1.12319969e+02	2023-07-12T16:14:32.476797	-1.00000000e-01	-5.58650000e-09	1.79002954e+07	2	4.50000000e-01	7.20150000e-09	6.24869819e+07
1.12653583e+02	2023-07-12T16:14:32.810823	-1.00000000e-01	-6.22670000e-09	1.60598712e+07	2	4.75000000e-01	6.61670000e-09	7.17880514e+07
1.12983777e+02	2023-07-12T16:14:33.141063	-1.00000000e-01	-4.83350000e-09	2.06889418e+07	2	5.00000000e-01	7.30290000e-09	6.84659519e+07
1.13322417e+02	2023-07-12T16:14:33.479349	-1.00000000e-01	-4.48120000e-09	2.23154512e+07	2	5.25000000e-01	7.46910000e-09	7.02895931e+07
1.13650572e+02	2023-07-12T16:14:33.807982	-1.00000000e-01	-6.11740000e-09	1.63468140e+07	2	5.50000000e-01	6.82560000e-09	8.05789967e+07
1.13986921e+02	2023-07-12T16:14:34.143991	-1.00000000e-01	-5.42790000e-09	1.84233313e+07	2	5.75000000e-01	6.82010000e-09	8.43096142e+07
1.14324668e+02	2023-07-12T16:14:34.481540	-1.00000000e-01	-3.86680000e-09	2.58611772e+07	2	6.00000000e-01	7.05690000e-09	8.50231688e+07
1.14653710e+02	2023-07-12T16:14:34.811007	-1.00000000e-01	-5.00710000e-09	1.99716403e+07	2	6.25000000e-01	6.16540000e-09	1.01372174e+08
1.14991698e+02	2023-07-12T16:14:35.148616	-1.00000000e-01	-5.61150000e-09	1.78205471e+07	2	6.50000000e-01	5.86390000e-09	1.10847729e+08
1.15317716e+02	2023-07-12T16:14:35.475241	-1.00000000e-01	-4.08970000e-09	2.44516713e+07	2	6.75000000e-01	5.90060000e-09	1.14395146e+08
1.15661431e+02	2023-07-12T16:14:35.818247	-1.00000000e-01	-3.62170000e-09	2.76113427e+07	2	7.00000000e-01	6.19470000e-09	1.12999822e+08
1.15995451e+02	2023-07-12T16:14:36.152180	-1.00000000e-01	-5.45290000e-09	1.83388656e+07	2	7.25000000e-01	5.60580000e-09	1.29330336e+08
1.16321839e+02	2023-07-12T16:14:36.479209	-1.00000000e-01	-4.67490000e-09	2.13908319e+07	2	7.50000000e-01	6.37570000e-09	1.17634142e+08
1.16667048e+02	2023-07-12T16:14:36.823897	-1.00000000e-01	-3.17810000e-09	3.14653409e+07	2	7.75000000e-01	6.22270000e-09	1.24544008e+08
1.16997700e+02	2023-07-12T16:14:37.154521	-1.00000000e-01	-4.38840000e-09	2.27873485e+07	2	8.00000000e-01	5.79610000e-09	1.38023844e+08
1.17337620e+02	2023-07-12T16:14:37.495141	-1.00000000e-01	-5.00500000e-09	1.99800200e+07	2	8.25000000e-01	5.22990000e-09	1.57746802e+08
1.17673592e+02	2023-07-12T16:14:37.830367	-1.00000000e-01	-3.67890000e-09	2.71820381e+07	2	8.50000000e-01	5.86290000e-09	1.44979447e+08
1.17993835e+02	2023-07-12T16:14:38.151307	-1.00000000e-01	-3.47810000e-09	2.87513297e+07	2	8.75000000e-01	5.55340000e-09	1.57561134e+08
1.18345496e+02	2023-07-12T16:14:38.502359	-1.00000000e-01	-5.06140000e-09	1.97573794e+07	2	9.00000000e-01	5.57010000e-09	1.61576991e+08
1.18669341e+02	2023-07-12T16:14:38.826314	-1.00000000e-01	-4.51130000e-09	2.21665595e+07	2	9.25000000e-01	6.78860000e-09	1.36257844e+08
1.19009816e+02	2023-07-12T16:14:39.166593	-1.00000000e-01	-3.47170000e-09	2.88043322e+07	2	9.50000000e-01	6.94510000e-09	1.36787087e+08
1.19343831e+02	2023-07-12T16:14:39.500719	-1.00000000e-01	-4.86920000e-09	2.05372546e+07	2	9.75000000e-01	6.56820000e-09	1.48442496e+08
1.19677822e+02	2023-07-12T16:14:39.834733	-1.00000000e-01	-5.60300000e-09	1.78475817e+07	2	1.00000000e+00	7.50360000e-09	1.33269364e+08
1.19976613e+02	2023-07-12T16:14:40.133351	-1.00000000e-01	-4.79990000e-09	2.08337674e+07	3	1.00000000e+00	6.07770000e-09	1.64535926e+08
1.20267660e+02	2023-07-12T16:14:40.425321	-1.00000000e-01	-3.20310000e-09	3.12197559e+07	3	9.75000000e-01	1.58910000e-09	6.13554842e+08
1.21131475e+02	2023-07-12T16:14:41.289016	-1.00000000e-01	-2.34070000e-09	4.27222626e+07	3	9.50000000e-01	2.38280000e-09	3.98690616e+08
1.21467781e+02	2023-07-12T16:14:41.624962	-1.00000000e-01	-1.82410000e-09	5.48215558e+07	3	9.25000000e-01	1.86440000e-09	4.96138168e+08
1.22981376e+02	2023-07-12T16:14:43.138989	-1.00000000e-01	-1.34830000e-09	7.41674701e+07	3	9.00000000e-01	1.52620000e-09	5.89699908e+08
1.23969815e+02	2023-07-12T16:14:44.126769	-1.00000000e-01	-1.46120000e-09	6.84369012e+07	3	8.75000000e-01	9.77710000e-10	8.94948400e+08
1.24542456e+02	2023-07-12T16:14:44.699507	-1.00000000e-01	-1.55840000e-09	6.41683778e+07	3	8.50000000e-01	7.34680000e-10	1.15696630e+09
1.25251457e+02	2023-07-12T16:14:45.409147	-1.00000000e-01	-1.47050000e-09	6.80040802e+07	3	8.25000000e-01	4.92940000e-10	1.67363168e+09
1.25955687e+02	2023-07-12T16:14:46.112648	-1.00000000e-01	9.19660000e-10	-1.08735837e+08	3	8.00000000e-01	3.15970000e-10	2.53188594e+09
1.26536520e+02	2023-07-12T16:14:46.693712	-1.00000000e-01	-5.73250000e-10	1.74443960e+08	3	7.75000000e-01	2.70000000e-10	2.87037037e+09
1.27310885e+02	2023-07-12T16:14:47.467967	-1.00000000e-01	4.82690000e-10	-2.07172305e+08	3	7.50000000e-01	5.03860000e-10	1.48850871e+09
1.28015451e+02	2023-07-12T16:14:48.173208	-1.00000000e-01	-4.71140000e-10	2.12251136e+08	3	7.25000000e-01	3.46050000e-10	2.09507297e+09
1.28596827e+02	2023-07-12T16:14:48.754422	-1.00000000e-01	1.47980000e-10	-6.75766996e+08	3	7.00000000e-01	3.00250000e-10	2.33139051e+09
1.29174392e+02	2023-07-12T16:14:49.331697	-1.00000000e-01	9.16120000e-10	-1.09156006e+08	3	6.75000000e-01	2.57400000e-10	2.62237762e+09
1.29881669e+02	2023-07-12T16:14:50.039169	-1.00000000e-01	-1.16250000e-10	8.60215054e+08	3	6.50000000e-01	-1.52280000e-09	-4.26845285e+08
1.30176620e+02	2023-07-12T16:14:50.333846	-1.00000000e-01	7.81610000e-10	-1.27941045e+08	3	6.25000000e-01	-1.61070000e-10	-3.88030049e+09
1.30759519e+02	2023-07-12T16:14:50.917146	-1.00000000e-01	8.97420000e-10	-1.11430545e+08	3	6.00000000e-01	-1.67420000e-08	-3.58380122e+07
1.31048830e+02	2023-07-12T16:14:51.206075	-1.00000000e-01	7.79420000e-10	-1.28300531e+08	3	5.75000000e-01	-1.31180000e-09	-4.38329014e+08
1.31468113e+02	2023-07-12T16:14:51.625761	-1.00000000e-01	8.93000000e-11	-1.11982083e+09	3	5.50000000e-01	-2.65370000e-10	-2.07257791e+09
1.32503662e+02	2023-07-12T16:14:52.660753	-1.00000000e-01	3.47090000e-10	-2.88109712e+08	3	5.25000000e-01	-3.28980000e-10	-1.59584169e+09
1.33402598e+02	2023-07-12T16:14:53.560161	-1.00000000e-01	9.15990000e-10	-1.09171498e+08	3	5.00000000e-01	-2.04240000e-10	-2.44810027e+09
1.34517565e+02	2023-07-12T16:14:54.674690	-1.00000000e-01	1.30250000e-10	-7.67754319e+08	3	4.75000000e-01	-1.29780000e-09	-3.66004007e+08
1.35349669e+02	2023-07-12T16:14:55.506656	-1.00000000e-01	5.34470000e-10	-1.87101240e+08	3	4.50000000e-01	-8.08980000e-10	-5.56256026e+08
1.36209250e+02	2023-07-12T16:14:56.366256	-1.00000000e-01	8.82000000e-10	-1.13378685e+08	3	4.25000000e-01	-1.62060000e-09	-2.62248550e+08
1.37105440e+02	2023-07-12T16:14:57.262526	-1.00000000e-01	2.16700000e-09	-4.61467467e+07	3	4.00000000e-01	-1.99580000e-09	-2.00420884e+08
1.37755507e+02	2023-07-12T16:14:57.912418	-1.00000000e-01	2.20400000e-09	-4.53720508e+07	3	3.75000000e-01	-1.40270000e-09	-2.67341556e+08
1.38704722e+02	2023-07-12T16:14:58.862538	-1.00000000e-01	1.17300000e-09	-8.52514919e+07	3	3.50000000e-01	-2.77620000e-09	-1.26071609e+08
1.39011376e+02	2023-07-12T16:14:59.168365	-1.00000000e-01	1.73530000e-09	-5.76269233e+07	3	3.25000000e-01	-3.42600000e-09	-9.48628138e+07
1.39319689e+02	2023-07-12T16:14:59.477484	-1.00000000e-01	1.89390000e-09	-5.28010983e+07	3	3.00000000e-01	-3.26250000e-09	-9.19540230e+07
1.39616635e+02	2023-07-12T16:14:59.773581	-1.00000000e-01	2.53850000e-09	-3.93933425e+07	3	2.75000000e-01	-3.51330000e-09	-7.82739874e+07
1.39911607e+02	2023-07-12T16:15:00.068894	-1.00000000e-01	2.82700000e-09	-3.53731871e+07	3	2.50000000e-01	-4.60610000e-09	-5.42758516e+07
1.40221672e+02	2023-07-12T16:15:00.378663	-1.00000000e-01	4.72180000e-09	-2.11783642e+07	3	2.25000000e-01	-4.95680000e-09	-4.53921885e+07
1.40519175e+02	2023-07-12T16:15:00.676519	-1.00000000e-01	4.98930000e-09	-2.00428918e+07	3	2.00000000e-01	-5.93430000e-09	-3.37023743e+07
1.40824662e+02	2023-07-12T16:15:00.982108	-1.00000000e-01	4.10520000e-09	-2.43593491e+07	3	1.75000000e-01	-9.86900000e-09	-1.77322930e+07
1.41117554e+02	2023-07-12T16:15:01.275327	-1.00000000e-01	4.25050000e-09	-2.35266439e+07	3	1.50000000e-01	-1.11980000e-08	-1.33952492e+07
1.41403780e+02	2023-07-12T16:15:01.561235	-1.00000000e-01	4.63180000e-09	-2.15898787e+07	3	1.25000000e-01	-1.40790000e-08	-8.87847148e+06
1.41695721e+02	2023-07-12T16:15:01.853604	-1.00000000e-01	-1.57630000e-08	6.34397006e+06	3	1.00000000e-01	-9.92000000e-09	-1.00806452e+07
1.42097420e+02	2023-07-12T16:15:02.254379	-1.00000000e-01	-1.70230000e-08	5.87440522e+06	3	7.50000000e-02	2.23590000e-08	3.35435395e+06
1.42386146e+02	2023-07-12T16:15:02.543186	-1.00000000e-01	-1.31070000e-07	7.62951095e+05	3	5.00000000e-02	-9.12100000e-09	-5.48185506e+06
1.42682936e+02	2023-07-12T16:15:02.840694	-1.00000000e-01	-2.93540000e-07	3.40669074e+05	3	2.50000000e-02	-9.24040000e-09	-2.70551058e+06
1.42972627e+02	2023-07-12T16:15:03.130106	-1.00000000e-01	-6.07240000e-07	1.64679534e+05	3	0.00000000e+00	-9.47900000e-09	-0.00000000e+00
1.43284457e+02	2023-07-12T16:15:03.442176	-1.00000000e-01	-1.16610000e-06	8.57559386e+04	3	-2.50000000e-02	-9.88800000e-09	2.52831715e+06
1.43583392e+02	2023-07-12T16:15:03.740672	-1.00000000e-01	-2.11470000e-06	4.72880314e+04	3	-5.00000000e-02	-9.05100000e-09	5.52425146e+06
1.43886884e+02	2023-07-12T16:15:04.044677	-1.00000000e-01	-3.56530000e-06	2.80481306e+04	3	-7.50000000e-02	-9.84300000e-09	7.61962816e+06
1.44184731e+02	2023-07-12T16:15:04.342577	-1.00000000e-01	-5.69150000e-06	1.75700606e+04	3	-1.00000000e-01	-9.28100000e-09	1.07747010e+07
1.44478494e+02	2023-07-12T16:15:04.636397	-1.00000000e-01	-8.69210000e-06	1.15046997e+04	3	-1.25000000e-01	-9.17900000e-09	1.36180412e+07
1.44773682e+02	2023-07-12T16:15:04.931251	-1.00000000e-01	-1.25450000e-05	7.97130331e+03	3	-1.50000000e-01	-9.90700000e-09	1.51408095e+07
1.45071550e+02	2023-07-12T16:15:05.229451	-1.00000000e-01	-1.75410000e-05	5.70092925e+03	3	-1.75000000e-01	-9.44700000e-09	1.85243993e+07
1.45371847e+02	2023-07-12T16:15:05.529617	-1.00000000e-01	-2.36540000e-05	4.22761478e+03	3	-2.00000000e-01	-9.30700000e-09	2.14892017e+07
1.45677837e+02	2023-07-12T16:15:05.835432	-1.00000000e-01	-3.08560000e-05	3.24086077e+03	3	-2.25000000e-01	-9.26800000e-09	2.42770824e+07
1.45967587e+02	2023-07-12T16:15:06.125084	-1.00000000e-01	-3.89830000e-05	2.56522074e+03	3	-2.50000000e-01	-9.46000000e-09	2.64270613e+07
1.46266380e+02	2023-07-12T16:15:06.424020	-1.00000000e-01	-4.79370000e-05	2.08607130e+03	3	-2.75000000e-01	-9.72800000e-09	2.82689145e+07
1.46563924e+02	2023-07-12T16:15:06.721894	-1.00000000e-01	-5.74500000e-05	1.74064404e+03	3	-3.00000000e-01	-1.00990000e-08	2.97059115e+07
1.46863590e+02	2023-07-12T16:15:07.021237	-1.00000000e-01	-6.71880000e-05	1.48836102e+03	3	-3.25000000e-01	-1.06350000e-08	3.05594734e+07
1.47160737e+02	2023-07-12T16:15:07.318476	-1.00000000e-01	-7.70400000e-05	1.29802700e+03	3	-3.50000000e-01	-9.08300000e-09	3.85335242e+07
1.47452576e+02	2023-07-12T16:15:07.610466	-1.00000000e-01	-8.63610000e-05	1.15793008e+03	3	-3.75000000e-01	-1.02970000e-08	3.64183743e+07
1.47744550e+02	2023-07-12T16:15:07.902195	-1.00000000e-01	-9.51600000e-05	1.05086171e+03	3	-4.00000000e-01	-9.33200000e-09	4.28632662e+07
1.48039917e+02	2023-07-12T16:15:08.197702	-1.00000000e-01	-1.03190000e-04	9.69086152e+02	3	-4.25000000e-01	-9.35800000e-09	4.54156871e+07
1.48340505e+02	2023-07-12T16:15:08.497527	-1.00000000e-01	-1.10420000e-04	9.05633037e+02	3	-4.50000000e-01	-1.14660000e-08	3.92464678e+07
1.48635363e+02	2023-07-12T16:15:08.792647	-1.00000000e-01	-1.16770000e-04	8.56384345e+02	3	-4.75000000e-01	-1.18620000e-08	4.00438375e+07
1.48929576e+02	2023-07-12T16:15:09.087341	-1.00000000e-01	-1.22180000e-04	8.18464560e+02	3	-5.00000000e-01	-1.30560000e-08	3.82965686e+07
1.49222471e+02	2023-07-12T16:15:09.380373	-1.00000000e-01	-1.27320000e-04	7.85422557e+02	3	-5.25000000e-01	-1.25070000e-08	4.19764932e+07
1.49513036e+02	2023-07-12T16:15:09.670339	-1.00000000e-01	-1.31530000e-04	7.60282825e+02	3	-5.50000000e-01	-1.01120000e-08	5.43908228e+07
1.49818968e+02	2023-07-12T16:15:09.976896	-1.00000000e-01	-1.35180000e-04	7.39754402e+02	3	-5.75000000e-01	-1.05200000e-08	5.46577947e+07
1.50121112e+02	2023-07-12T16:15:10.278362	-1.00000000e-01	-1.38070000e-04	7.24270298e+02	3	-6.00000000e-01	-9.24900000e-09	6.48718780e+07
1.50420127e+02	2023-07-12T16:15:10.577860	-1.00000000e-01	-1.40330000e-04	7.12606000e+02	3	-6.25000000e-01	-9.63200000e-09	6.48878738e+07
1.50727141e+02	2023-07-12T16:15:10.885146	-1.00000000e-01	-1.41900000e-04	7.04721635e+02	3	-6.50000000e-01	-1.08650000e-08	5.98251266e+07
1.51026476e+02	2023-07-12T16:15:11.184209	-1.00000000e-01	-1.42910000e-04	6.99741096e+02	3	-6.75000000e-01	-1.00220000e-08	6.73518260e+07
1.51331696e+02	2023-07-12T16:15:11.488901	-1.00000000e-01	-1.43290000e-04	6.97885407e+02	3	-7.00000000e-01	-1.09550000e-08	6.38977636e+07
1.51632278e+02	2023-07-12T16:15:11.790089	-1.00000000e-01	-1.43030000e-04	6.99154024e+02	3	-7.25000000e-01	-1.09870000e-08	6.59870756e+07
1.51926778e+02	2023-07-12T16:15:12.083956	-1.00000000e-01	-1.42410000e-04	7.02197879e+02	3	-7.50000000e-01	-1.09800000e-08	6.83060109e+07
1.52230646e+02	2023-07-12T16:15:12.387899	-1.00000000e-01	-1.41340000e-04	7.07513797e+02	3	-7.75000000e-01	-1.11920000e-08	6.92458899e+07
1.52519625e+02	2023-07-12T16:15:12.677390	-1.00000000e-01	-1.39390000e-04	7.17411579e+02	3	-8.00000000e-01	-1.22450000e-08	6.53327889e+07
1.52815823e+02	2023-07-12T16:15:12.973013	-1.00000000e-01	-1.37130000e-04	7.29235032e+02	3	-8.25000000e-01	-1.26680000e-08	6.51247237e+07
1.53114678e+02	2023-07-12T16:15:13.272258	-1.00000000e-01	-1.34300000e-04	7.44601638e+02	3	-8.50000000e-01	-1.25450000e-08	6.77560781e+07
1.53407042e+02	2023-07-12T16:15:13.564318	-1.00000000e-01	-1.31530000e-04	7.60282825e+02	3	-8.75000000e-01	-1.29220000e-08	6.77139762e+07
1.53707551e+02	2023-07-12T16:15:13.865241	-1.00000000e-01	-1.28450000e-04	7.78513040e+02	3	-9.00000000e-01	-1.40990000e-08	6.38343145e+07
1.54000853e+02	2023-07-12T16:15:14.158468	-1.00000000e-01	-1.24870000e-04	8.00832866e+02	3	-9.25000000e-01	-1.53750000e-08	6.01626016e+07
1.54301274e+02	2023-07-12T16:15:14.458939	-1.00000000e-01	-1.19470000e-04	8.37030217e+02	3	-9.50000000e-01	-1.74450000e-08	5.44568644e+07
1.54602571e+02	2023-07-12T16:15:14.760090	-1.00000000e-01	-1.10360000e-04	9.06125408e+02	3	-9.75000000e-01	1.63930000e-08	-5.94766059e+07
1.54896583e+02	2023-07-12T16:15:15.054616	-1.00000000e-01	-1.13560000e-04	8.80591758e+02	3	-1.00000000e+00	-1.96620000e-08	5.08595260e+07
1.55156905e+02	2023-07-12T16:15:15.314102	-1.00000000e-01	-1.05140000e-04	9.51112802e+02	3	-1.00000000e+00	-1.49410000e-08	6.69299244e+07
1.55446706e+02	2023-07-12T16:15:15.604271	-1.00000000e-01	-1.02820000e-04	9.72573429e+02	3	-9.75000000e-01	-7.53770000e-09	1.29349802e+08
1.55747318e+02	2023-07-12T16:15:15.905319	-1.00000000e-01	-1.02820000e-04	9.72573429e+02	3	-9.50000000e-01	-2.85940000e-09	3.32237532e+08
1.56046343e+02	2023-07-12T16:15:16.204242	-1.00000000e-01	-1.06400000e-04	9.39849624e+02	3	-9.25000000e-01	-3.11460000e-09	2.96988377e+08
1.56992995e+02	2023-07-12T16:15:17.150914	-1.00000000e-01	-1.15510000e-04	8.65725911e+02	3	-9.00000000e-01	-2.07410000e-09	4.33923147e+08
1.57947369e+02	2023-07-12T16:15:18.105340	-1.00000000e-01	-1.19590000e-04	8.36190317e+02	3	-8.75000000e-01	-1.39780000e-09	6.25983689e+08
1.58895872e+02	2023-07-12T16:15:19.053595	-1.00000000e-01	-1.22230000e-04	8.18129755e+02	3	-8.50000000e-01	1.04470000e-09	-8.13630707e+08
1.59193752e+02	2023-07-12T16:15:19.351023	-1.00000000e-01	-1.24430000e-04	8.03664711e+02	3	-8.25000000e-01	2.15980000e-09	-3.81979813e+08
1.59490853e+02	2023-07-12T16:15:19.648750	-1.00000000e-01	-1.26570000e-04	7.90076637e+02	3	-8.00000000e-01	3.07730000e-09	-2.59968154e+08
1.59790320e+02	2023-07-12T16:15:19.947506	-1.00000000e-01	-1.28270000e-04	7.79605520e+02	3	-7.75000000e-01	3.66410000e-09	-2.11511695e+08
1.60081903e+02	2023-07-12T16:15:20.239645	-1.00000000e-01	-1.29650000e-04	7.71307366e+02	3	-7.50000000e-01	3.98340000e-09	-1.88281368e+08
1.60380388e+02	2023-07-12T16:15:20.538333	-1.00000000e-01	-1.30910000e-04	7.63883584e+02	3	-7.25000000e-01	4.24050000e-09	-1.70970404e+08
1.60673669e+02	2023-07-12T16:15:20.830831	-1.00000000e-01	-1.31850000e-04	7.58437619e+02	3	-7.00000000e-01	4.72820000e-09	-1.48047883e+08
1.60970699e+02	2023-07-12T16:15:21.128887	-1.00000000e-01	-1.32540000e-04	7.54489211e+02	3	-6.75000000e-01	5.45970000e-09	-1.23633167e+08
1.61272711e+02	2023-07-12T16:15:21.430021	-1.00000000e-01	-1.32540000e-04	7.54489211e+02	3	-6.50000000e-01	5.26550000e-09	-1.23445067e+08
1.61562617e+02	2023-07-12T16:15:21.720161	-1.00000000e-01	-1.32410000e-04	7.55229968e+02	3	-6.25000000e-01	9.76800000e-09	-6.39844390e+07
1.61853559e+02	2023-07-12T16:15:22.011059	-1.00000000e-01	-1.31850000e-04	7.58437619e+02	3	-6.00000000e-01	9.68600000e-09	-6.19450754e+07
1.62149186e+02	2023-07-12T16:15:22.306830	-1.00000000e-01	-1.31160000e-04	7.62427569e+02	3	-5.75000000e-01	1.04330000e-08	-5.51135819e+07
1.62429663e+02	2023-07-12T16:15:22.586910	-1.00000000e-01	-1.29270000e-04	7.73574689e+02	3	-5.50000000e-01	1.05600000e-08	-5.20833333e+07
1.62727873e+02	2023-07-12T16:15:22.885478	-1.00000000e-01	-1.27950000e-04	7.81555295e+02	3	-5.25000000e-01	1.15950000e-08	-4.52781371e+07
1.63019631e+02	2023-07-12T16:15:23.177698	-1.00000000e-01	-1.25250000e-04	7.98403194e+02	3	-5.00000000e-01	9.43600000e-09	-5.29885545e+07
1.63304169e+02	2023-07-12T16:15:23.462101	-1.00000000e-01	-1.22110000e-04	8.18933748e+02	3	-4.75000000e-01	9.32800000e-09	-5.09219554e+07
1.63602288e+02	2023-07-12T16:15:23.760048	-1.00000000e-01	-1.17900000e-04	8.48176421e+02	3	-4.50000000e-01	9.10400000e-09	-4.94288225e+07
1.63902035e+02	2023-07-12T16:15:24.059468	-1.00000000e-01	-1.13000000e-04	8.84955752e+02	3	-4.25000000e-01	9.43000000e-09	-4.50689290e+07
1.64198008e+02	2023-07-12T16:15:24.355745	-1.00000000e-01	-1.06900000e-04	9.35453695e+02	3	-4.00000000e-01	9.62800000e-09	-4.15454923e+07
1.64490366e+02	2023-07-12T16:15:24.648151	-1.00000000e-01	-9.99300000e-05	1.00070049e+03	3	-3.75000000e-01	1.02860000e-08	-3.64573206e+07
1.64782163e+02	2023-07-12T16:15:24.939895	-1.00000000e-01	-9.24500000e-05	1.08166577e+03	3	-3.50000000e-01	9.67200000e-09	-3.61869313e+07
1.65083986e+02	2023-07-12T16:15:25.242157	-1.00000000e-01	-8.41780000e-05	1.18795885e+03	3	-3.25000000e-01	9.32700000e-09	-3.48450734e+07
1.65382221e+02	2023-07-12T16:15:25.540065	-1.00000000e-01	-7.53300000e-05	1.32749237e+03	3	-3.00000000e-01	1.05280000e-08	-2.84954407e+07
1.65676075e+02	2023-07-12T16:15:25.833823	-1.00000000e-01	-6.59650000e-05	1.51595543e+03	3	-2.75000000e-01	1.00110000e-08	-2.74697832e+07
1.65968639e+02	2023-07-12T16:15:26.126196	-1.00000000e-01	-5.66720000e-05	1.76453981e+03	3	-2.50000000e-01	1.25030000e-08	-1.99952012e+07
1.66264556e+02	2023-07-12T16:15:26.422700	-1.00000000e-01	-4.74990000e-05	2.10530748e+03	3	-2.25000000e-01	1.17040000e-08	-1.92241969e+07
1.66557292e+02	2023-07-12T16:15:26.714966	-1.00000000e-01	-3.86300000e-05	2.58866166e+03	3	-2.00000000e-01	1.10270000e-08	-1.81372994e+07
1.66854971e+02	2023-07-12T16:15:27.012554	-1.00000000e-01	-3.06300000e-05	3.26477310e+03	3	-1.75000000e-01	1.15440000e-08	-1.51593902e+07
1.67158014e+02	2023-07-12T16:15:27.316048	-1.00000000e-01	-2.34210000e-05	4.26967252e+03	3	-1.50000000e-01	1.09690000e-08	-1.36749020e+07
1.67443861e+02	2023-07-12T16:15:27.601966	-1.00000000e-01	-1.73720000e-05	5.75638959e+03	3	-1.25000000e-01	1.07460000e-08	-1.16322353e+07
1.67742722e+02	2023-07-12T16:15:27.900229	-1.00000000e-01	-1.23470000e-05	8.09913339e+03	3	-1.00000000e-01	1.02980000e-08	-9.71062342e+06
1.68043000e+02	2023-07-12T16:15:28.200295	-1.00000000e-01	-8.40370000e-06	1.18995204e+04	3	-7.50000000e-02	1.12820000e-08	-6.64775749e+06
1.68343452e+02	2023-07-12T16:15:28.501055	-1.00000000e-01	-5.43020000e-06	1.84155280e+04	3	-5.00000000e-02	1.00750000e-08	-4.96277916e+06
1.68642019e+02	2023-07-12T16:15:28.799738	-1.00000000e-01	-3.30460000e-06	3.02608485e+04	3	-2.50000000e-02	1.02150000e-08	-2.44738130e+06
1.68941673e+02	2023-07-12T16:15:29.099226	-1.00000000e-01	-1.87330000e-06	5.33817328e+04	3	0.00000000e+00	1.12440000e-08	0.00000000e+00
1.69238486e+02	2023-07-12T16:15:29.396553	-1.00000000e-01	-9.87400000e-07	1.01276079e+05	3	2.50000000e-02	1.08480000e-08	2.30457227e+06
1.69532265e+02	2023-07-12T16:15:29.689907	-1.00000000e-01	-4.83690000e-07	2.06743989e+05	3	5.00000000e-02	9.20000000e-09	5.43478261e+06
1.69828002e+02	2023-07-12T16:15:29.985431	-1.00000000e-01	-2.10930000e-07	4.74090931e+05	3	7.50000000e-02	9.10400000e-09	8.23813708e+06
1.70120958e+02	2023-07-12T16:15:30.279005	-1.00000000e-01	-9.40400000e-08	1.06337729e+06	3	1.00000000e-01	1.03180000e-08	9.69180074e+06
1.70410869e+02	2023-07-12T16:15:30.568665	-1.00000000e-01	-3.80930000e-08	2.62515423e+06	3	1.25000000e-01	1.06750000e-08	1.17096019e+07
1.70701608e+02	2023-07-12T16:15:30.858995	-1.00000000e-01	-1.93470000e-08	5.16876001e+06	3	1.50000000e-01	9.55700000e-09	1.56953019e+07
1.70996775e+02	2023-07-12T16:15:31.154950	-1.00000000e-01	-1.01540000e-08	9.84833563e+06	3	1.75000000e-01	1.02920000e-08	1.70034979e+07
1.71305696e+02	2023-07-12T16:15:31.463324	-1.00000000e-01	-6.48960000e-09	1.54092702e+07	3	2.00000000e-01	1.09820000e-08	1.82116190e+07
1.71689679e+02	2023-07-12T16:15:31.847092	-1.00000000e-01	-4.90490000e-09	2.03877755e+07	3	2.25000000e-01	9.89600000e-09	2.27364592e+07
1.72020865e+02	2023-07-12T16:15:32.178774	-1.00000000e-01	-6.65390000e-09	1.50287801e+07	3	2.50000000e-01	1.07520000e-08	2.32514881e+07
1.72359740e+02	2023-07-12T16:15:32.517785	-1.00000000e-01	-9.73000000e-09	1.02774923e+07	3	2.75000000e-01	9.86400000e-09	2.78791565e+07
1.72653890e+02	2023-07-12T16:15:32.812079	-1.00000000e-01	-7.26980000e-09	1.37555366e+07	3	3.00000000e-01	1.03500000e-08	2.89855072e+07
1.72949278e+02	2023-07-12T16:15:33.107633	-1.00000000e-01	-5.40430000e-09	1.85037840e+07	3	3.25000000e-01	9.99800000e-09	3.25065013e+07
1.73245113e+02	2023-07-12T16:15:33.402708	-1.00000000e-01	-6.95620000e-09	1.43756649e+07	3	3.50000000e-01	1.00560000e-08	3.48050915e+07
1.73527768e+02	2023-07-12T16:15:33.685794	-1.00000000e-01	-6.31170000e-09	1.58435921e+07	3	3.75000000e-01	9.99900000e-09	3.75037504e+07
1.73826639e+02	2023-07-12T16:15:33.984586	-1.00000000e-01	-5.48220000e-09	1.82408522e+07	3	4.00000000e-01	7.83940000e-09	5.10243131e+07
1.74155977e+02	2023-07-12T16:15:34.313797	-1.00000000e-01	-6.50680000e-09	1.53685375e+07	3	4.25000000e-01	7.11560000e-09	5.97279217e+07
1.74493004e+02	2023-07-12T16:15:34.651024	-1.00000000e-01	-5.43930000e-09	1.83847186e+07	3	4.50000000e-01	7.35250000e-09	6.12036722e+07
1.74830568e+02	2023-07-12T16:15:34.988303	-1.00000000e-01	-4.34340000e-09	2.30234379e+07	3	4.75000000e-01	7.74580000e-09	6.13235560e+07
1.75151694e+02	2023-07-12T16:15:35.309992	-1.00000000e-01	-5.74090000e-09	1.74188716e+07	3	5.00000000e-01	7.36150000e-09	6.79209400e+07
1.75492843e+02	2023-07-12T16:15:35.650920	-1.00000000e-01	-6.09880000e-09	1.63966682e+07	3	5.25000000e-01	6.55740000e-09	8.00622198e+07
1.75825778e+02	2023-07-12T16:15:35.983710	-1.00000000e-01	-4.50130000e-09	2.22158043e+07	3	5.50000000e-01	6.85360000e-09	8.02497957e+07
1.76169667e+02	2023-07-12T16:15:36.327370	-1.00000000e-01	-4.27260000e-09	2.34049525e+07	3	5.75000000e-01	7.08350000e-09	8.11745606e+07
1.76497923e+02	2023-07-12T16:15:36.656062	-1.00000000e-01	-5.72660000e-09	1.74623686e+07	3	6.00000000e-01	5.90830000e-09	1.01552054e+08
1.76830600e+02	2023-07-12T16:15:36.988903	-1.00000000e-01	-4.92640000e-09	2.02987983e+07	3	6.25000000e-01	6.69010000e-09	9.34216230e+07
1.77175979e+02	2023-07-12T16:15:37.333755	-1.00000000e-01	-3.48310000e-09	2.87100571e+07	3	6.50000000e-01	6.49770000e-09	1.00035397e+08
1.77499536e+02	2023-07-12T16:15:37.657721	-1.00000000e-01	-4.50980000e-09	2.21739323e+07	3	6.75000000e-01	5.42170000e-09	1.24499696e+08
1.77844008e+02	2023-07-12T16:15:38.002140	-1.00000000e-01	-5.16500000e-09	1.93610842e+07	3	7.00000000e-01	5.21030000e-09	1.34349270e+08
1.78176149e+02	2023-07-12T16:15:38.334208	-1.00000000e-01	-3.73460000e-09	2.67766294e+07	3	7.25000000e-01	5.66130000e-09	1.28062459e+08
1.78496723e+02	2023-07-12T16:15:38.655100	-1.00000000e-01	-3.06660000e-09	3.26094046e+07	3	7.50000000e-01	4.99400000e-09	1.50180216e+08
1.78841993e+02	2023-07-12T16:15:38.999691	-1.00000000e-01	-4.57270000e-09	2.18689177e+07	3	7.75000000e-01	4.86140000e-09	1.59419097e+08
1.79167533e+02	2023-07-12T16:15:39.325846	-1.00000000e-01	-4.25400000e-09	2.35072873e+07	3	8.00000000e-01	5.65960000e-09	1.41352746e+08
1.79514869e+02	2023-07-12T16:15:39.672992	-1.00000000e-01	-2.56430000e-09	3.89969972e+07	3	8.25000000e-01	5.38780000e-09	1.53123724e+08
1.79844016e+02	2023-07-12T16:15:40.001848	-1.00000000e-01	-3.35170000e-09	2.98356058e+07	3	8.50000000e-01	4.86520000e-09	1.74710187e+08
1.80176628e+02	2023-07-12T16:15:40.334286	-1.00000000e-01	-4.38270000e-09	2.28169850e+07	3	8.75000000e-01	5.56660000e-09	1.57187511e+08
1.80511005e+02	2023-07-12T16:15:40.669450	-1.00000000e-01	-3.41880000e-09	2.92500293e+07	3	9.00000000e-01	5.62880000e-09	1.59891984e+08
1.80839405e+02	2023-07-12T16:15:40.997543	-1.00000000e-01	-2.73800000e-09	3.65230095e+07	3	9.25000000e-01	5.08450000e-09	1.81925460e+08
1.81186038e+02	2023-07-12T16:15:41.344303	-1.00000000e-01	-4.37120000e-09	2.28770132e+07	3	9.50000000e-01	5.49540000e-09	1.72871856e+08
1.81520574e+02	2023-07-12T16:15:41.678229	-1.00000000e-01	-4.78990000e-09	2.08772626e+07	3	9.75000000e-01	5.61200000e-09	1.73734854e+08
1.81851905e+02	2023-07-12T16:15:42.010215	-1.00000000e-01	-3.84970000e-09	2.59760501e+07	3	1.00000000e+00	6.53150000e-09	1.53104187e+08
1.82149694e+02	2023-07-12T16:15:42.307826	-1.00000000e-01	-3.00870000e-09	3.32369462e+07	4	1.00000000e+00	5.11320000e-09	1.95572244e+08
1.82444947e+02	2023-07-12T16:15:42.603217	-1.00000000e-01	-1.95920000e-09	5.10412413e+07	4	9.75000000e-01	2.46820000e-09	3.95024714e+08
1.82771917e+02	2023-07-12T16:15:42.929719	-1.00000000e-01	-2.24000000e-09	4.46428571e+07	4	9.50000000e-01	2.03410000e-09	4.67037019e+08
1.83108170e+02	2023-07-12T16:15:43.266595	-1.00000000e-01	-9.99700000e-10	1.00030009e+08	4	9.25000000e-01	2.20680000e-09	4.19158963e+08
1.84388185e+02	2023-07-12T16:15:44.546187	-1.00000000e-01	-9.25330000e-10	1.08069554e+08	4	9.00000000e-01	2.36670000e-09	3.80276334e+08
1.85210617e+02	2023-07-12T16:15:45.368653	-1.00000000e-01	-9.14950000e-10	1.09295590e+08	4	8.75000000e-01	9.79040000e-10	8.93732636e+08
1.86028739e+02	2023-07-12T16:15:46.186519	-1.00000000e-01	3.31620000e-10	-3.01549967e+08	4	8.50000000e-01	-1.02260000e-09	-8.31214551e+08
1.86394896e+02	2023-07-12T16:15:46.552810	-1.00000000e-01	7.40970000e-10	-1.34958230e+08	4	8.25000000e-01	-1.54450000e-09	-5.34153448e+08
1.86788984e+02	2023-07-12T16:15:46.947177	-1.00000000e-01	-1.33050000e-09	7.51597144e+07	4	8.00000000e-01	2.51330000e-10	3.18306609e+09
1.87388699e+02	2023-07-12T16:15:47.546929	-1.00000000e-01	-6.29570000e-10	1.58838572e+08	4	7.75000000e-01	5.90410000e-10	1.31264714e+09
1.88005336e+02	2023-07-12T16:15:48.162963	-1.00000000e-01	4.04500000e-10	-2.47218789e+08	4	7.50000000e-01	5.15820000e-10	1.45399558e+09
1.88592640e+02	2023-07-12T16:15:48.750370	-1.00000000e-01	-5.19760000e-10	1.92396491e+08	4	7.25000000e-01	4.73730000e-10	1.53040762e+09
1.89402624e+02	2023-07-12T16:15:49.560982	-1.00000000e-01	4.12880000e-10	-2.42201124e+08	4	7.00000000e-01	4.76010000e-10	1.47055734e+09
1.90110818e+02	2023-07-12T16:15:50.268455	-1.00000000e-01	-5.04160000e-10	1.98349730e+08	4	6.75000000e-01	3.69300000e-10	1.82778229e+09
1.90819393e+02	2023-07-12T16:15:50.976998	-1.00000000e-01	-4.31940000e-10	2.31513636e+08	4	6.50000000e-01	-1.35370000e-09	-4.80165472e+08
1.91123750e+02	2023-07-12T16:15:51.281680	-1.00000000e-01	6.51000000e-12	-1.53609831e+10	4	6.25000000e-01	2.08900000e-11	2.99186213e+10
1.91920935e+02	2023-07-12T16:15:52.079072	-1.00000000e-01	4.91520000e-10	-2.03450521e+08	4	6.00000000e-01	-1.76890000e-09	-3.39193849e+08
1.92307325e+02	2023-07-12T16:15:52.465481	-1.00000000e-01	9.13700000e-11	-1.09445113e+09	4	5.75000000e-01	-1.39170000e-10	-4.13163757e+09
1.93314999e+02	2023-07-12T16:15:53.473529	-1.00000000e-01	7.72440000e-10	-1.29459893e+08	4	5.50000000e-01	-1.17560000e-09	-4.67846206e+08
1.93700661e+02	2023-07-12T16:15:53.858799	-1.00000000e-01	2.50190000e-10	-3.99696231e+08	4	5.25000000e-01	-5.50240000e-10	-9.54129107e+08
1.94718431e+02	2023-07-12T16:15:54.876163	-1.00000000e-01	9.47000000e-10	-1.05596621e+08	4	5.00000000e-01	-9.98220000e-10	-5.00891587e+08
1.95295267e+02	2023-07-12T16:15:55.453097	-1.00000000e-01	5.01610000e-10	-1.99358067e+08	4	4.75000000e-01	-1.43900000e-09	-3.30090341e+08
1.96120917e+02	2023-07-12T16:15:56.279165	-1.00000000e-01	1.07940000e-09	-9.26440615e+07	4	4.50000000e-01	-1.64370000e-09	-2.73772586e+08
1.96734749e+02	2023-07-12T16:15:56.892924	-1.00000000e-01	9.16820000e-10	-1.09072664e+08	4	4.25000000e-01	-1.67020000e-09	-2.54460544e+08
1.97486510e+02	2023-07-12T16:15:57.645084	-1.00000000e-01	2.04700000e-09	-4.88519785e+07	4	4.00000000e-01	-2.22850000e-09	-1.79492932e+08
1.98096962e+02	2023-07-12T16:15:58.255522	-1.00000000e-01	9.56600000e-10	-1.04536902e+08	4	3.75000000e-01	-1.57170000e-09	-2.38595152e+08
1.98961885e+02	2023-07-12T16:15:59.120298	-1.00000000e-01	2.55270000e-09	-3.91742077e+07	4	3.50000000e-01	-2.97890000e-09	-1.17493034e+08
1.99304724e+02	2023-07-12T16:15:59.462620	-1.00000000e-01	-3.18100000e-10	3.14366551e+08	4	3.25000000e-01	-1.66260000e-09	-1.95476964e+08
2.00573452e+02	2023-07-12T16:16:00.732132	-1.00000000e-01	1.63320000e-09	-6.12294881e+07	4	3.00000000e-01	-2.08460000e-09	-1.43912501e+08
2.00910750e+02	2023-07-12T16:16:01.069165	-1.00000000e-01	3.22000000e-09	-3.10559006e+07	4	2.75000000e-01	-2.85800000e-09	-9.62211337e+07
2.01242843e+02	2023-07-12T16:16:01.401366	-1.00000000e-01	2.31980000e-09	-4.31071644e+07	4	2.50000000e-01	-3.94580000e-09	-6.33585078e+07
2.01583712e+02	2023-07-12T16:16:01.741724	-1.00000000e-01	2.15330000e-09	-4.64403474e+07	4	2.25000000e-01	-4.69900000e-09	-4.78825282e+07
2.01919957e+02	2023-07-12T16:16:02.078113	-1.00000000e-01	3.73440000e-09	-2.67780634e+07	4	2.00000000e-01	-5.11540000e-09	-3.90976268e+07
2.02249837e+02	2023-07-12T16:16:02.408408	-1.00000000e-01	4.15160000e-09	-2.40870989e+07	4	1.75000000e-01	-6.69510000e-09	-2.61385192e+07
2.02586180e+02	2023-07-12T16:16:02.744480	-1.00000000e-01	2.91630000e-09	-3.42900250e+07	4	1.50000000e-01	-9.46000000e-09	-1.58562368e+07
2.02908755e+02	2023-07-12T16:16:03.066810	-1.00000000e-01	2.41560000e-09	-4.13975824e+07	4	1.25000000e-01	-1.11660000e-08	-1.11946982e+07
2.03259417e+02	2023-07-12T16:16:03.417932	-1.00000000e-01	-9.05460000e-09	1.10441102e+07	4	1.00000000e-01	-1.00290000e-08	-9.97108386e+06
2.03589916e+02	2023-07-12T16:16:03.748635	-1.00000000e-01	-3.75700000e-08	2.66169816e+06	4	7.50000000e-02	-7.67790000e-09	-9.76829602e+06
2.03892113e+02	2023-07-12T16:16:04.050267	-1.00000000e-01	-1.12720000e-07	8.87154010e+05	4	5.00000000e-02	-1.13390000e-08	-4.40955993e+06
2.04190829e+02	2023-07-12T16:16:04.349532	-1.00000000e-01	-2.59450000e-07	3.85430719e+05	4	2.50000000e-02	-9.04410000e-09	-2.76423304e+06
2.04486710e+02	2023-07-12T16:16:04.645254	-1.00000000e-01	-5.42330000e-07	1.84389578e+05	4	0.00000000e+00	-9.61300000e-09	-0.00000000e+00
2.04790789e+02	2023-07-12T16:16:04.949559	-1.00000000e-01	-1.05440000e-06	9.48406677e+04	4	-2.50000000e-02	-9.90100000e-09	2.52499748e+06
2.05087251e+02	2023-07-12T16:16:05.245232	-1.00000000e-01	-1.91860000e-06	5.21213385e+04	4	-5.00000000e-02	-9.54300000e-09	5.23944252e+06
2.05384639e+02	2023-07-12T16:16:05.543341	-1.00000000e-01	-3.26010000e-06	3.06739057e+04	4	-7.50000000e-02	-9.67100000e-09	7.75514425e+06
2.05677867e+02	2023-07-12T16:16:05.836183	-1.00000000e-01	-5.22170000e-06	1.91508513e+04	4	-1.00000000e-01	-9.65800000e-09	1.03541106e+07
2.05970765e+02	2023-07-12T16:16:06.128920	-1.00000000e-01	-7.82810000e-06	1.27744919e+04	4	-1.25000000e-01	-9.18500000e-09	1.36091453e+07
2.06273969e+02	2023-07-12T16:16:06.432044	-1.00000000e-01	-1.09970000e-05	9.09338911e+03	4	-1.50000000e-01	-9.79900000e-09	1.53076845e+07
2.06585961e+02	2023-07-12T16:16:06.743881	-1.00000000e-01	-1.52370000e-05	6.56297171e+03	4	-1.75000000e-01	-9.35800000e-09	1.87005770e+07
2.06881510e+02	2023-07-12T16:16:07.039622	-1.00000000e-01	-2.03190000e-05	4.92150204e+03	4	-2.00000000e-01	-1.40400000e-08	1.42450142e+07
2.07181377e+02	2023-07-12T16:16:07.339992	-1.00000000e-01	-2.58730000e-05	3.86503305e+03	4	-2.25000000e-01	-9.39600000e-09	2.39463602e+07
2.07469348e+02	2023-07-12T16:16:07.627983	-1.00000000e-01	-3.24320000e-05	3.08337444e+03	4	-2.50000000e-01	-9.97100000e-09	2.50727109e+07
2.07769832e+02	2023-07-12T16:16:07.927695	-1.00000000e-01	-3.74140000e-05	2.67279628e+03	4	-2.75000000e-01	-9.88800000e-09	2.78114887e+07
2.08065868e+02	2023-07-12T16:16:08.223828	-1.00000000e-01	-4.30820000e-05	2.32115501e+03	4	-3.00000000e-01	-9.28200000e-09	3.23206206e+07
2.08365283e+02	2023-07-12T16:16:08.523626	-1.00000000e-01	-5.17530000e-05	1.93225513e+03	4	-3.25000000e-01	-9.34500000e-09	3.47779561e+07
2.08660095e+02	2023-07-12T16:16:08.818112	-1.00000000e-01	-6.18880000e-05	1.61582213e+03	4	-3.50000000e-01	-1.24690000e-08	2.80696126e+07
2.08954528e+02	2023-07-12T16:16:09.113096	-1.00000000e-01	-7.50330000e-05	1.33274692e+03	4	-3.75000000e-01	-9.51200000e-09	3.94238856e+07
2.09250694e+02	2023-07-12T16:16:09.408646	-1.00000000e-01	-8.48210000e-05	1.17895333e+03	4	-4.00000000e-01	-1.00600000e-08	3.97614314e+07
2.09548407e+02	2023-07-12T16:16:09.706317	-1.00000000e-01	-9.35270000e-05	1.06920996e+03	4	-4.25000000e-01	-9.60100000e-09	4.42662223e+07
2.09856731e+02	2023-07-12T16:16:10.015368	-1.00000000e-01	-1.00740000e-04	9.92654358e+02	4	-4.50000000e-01	-1.08590000e-08	4.14402800e+07
2.10152518e+02	2023-07-12T16:16:10.311186	-1.00000000e-01	-1.06900000e-04	9.35453695e+02	4	-4.75000000e-01	-1.19190000e-08	3.98523366e+07
2.10443955e+02	2023-07-12T16:16:10.602494	-1.00000000e-01	-1.11610000e-04	8.95977063e+02	4	-5.00000000e-01	-1.13250000e-08	4.41501104e+07
2.10744878e+02	2023-07-12T16:16:10.903689	-1.00000000e-01	-1.16330000e-04	8.59623485e+02	4	-5.25000000e-01	-1.08010000e-08	4.86066105e+07
2.11038636e+02	2023-07-12T16:16:11.197100	-1.00000000e-01	-1.19910000e-04	8.33958802e+02	4	-5.50000000e-01	-1.01120000e-08	5.43908228e+07
2.11375847e+02	2023-07-12T16:16:11.534227	-1.00000000e-01	-1.23050000e-04	8.12677773e+02	4	-5.75000000e-01	-1.00030000e-08	5.74827552e+07
2.11708475e+02	2023-07-12T16:16:11.867338	-1.00000000e-01	-1.26700000e-04	7.89265983e+02	4	-6.00000000e-01	-1.03100000e-08	5.81959263e+07
2.12017975e+02	2023-07-12T16:16:12.176662	-1.00000000e-01	-1.28830000e-04	7.76216720e+02	4	-6.25000000e-01	-9.90700000e-09	6.30867064e+07
2.12353734e+02	2023-07-12T16:16:12.512516	-1.00000000e-01	-1.30340000e-04	7.67224183e+02	4	-6.50000000e-01	-1.03610000e-08	6.27352572e+07
2.12650914e+02	2023-07-12T16:16:12.809222	-1.00000000e-01	-1.31470000e-04	7.60629801e+02	4	-6.75000000e-01	-1.11220000e-08	6.06905233e+07
2.12951402e+02	2023-07-12T16:16:13.110069	-1.00000000e-01	-1.31910000e-04	7.58092639e+02	4	-7.00000000e-01	-1.09870000e-08	6.37116592e+07
2.13254501e+02	2023-07-12T16:16:13.413079	-1.00000000e-01	-1.32100000e-04	7.57002271e+02	4	-7.25000000e-01	-1.02530000e-08	7.07110114e+07
2.13547834e+02	2023-07-12T16:16:13.705745	-1.00000000e-01	-1.31850000e-04	7.58437619e+02	4	-7.50000000e-01	-1.15230000e-08	6.50872169e+07
2.13850916e+02	2023-07-12T16:16:14.009517	-1.00000000e-01	-1.30780000e-04	7.64642912e+02	4	-7.75000000e-01	-1.17990000e-08	6.56835325e+07
2.14145978e+02	2023-07-12T16:16:14.303981	-1.00000000e-01	-1.29840000e-04	7.70178681e+02	4	-8.00000000e-01	-1.11900000e-08	7.14924039e+07
2.14445203e+02	2023-07-12T16:16:14.603558	-1.00000000e-01	-1.28140000e-04	7.80396441e+02	4	-8.25000000e-01	-1.19190000e-08	6.92172162e+07
2.14750492e+02	2023-07-12T16:16:14.908666	-1.00000000e-01	-1.26010000e-04	7.93587810e+02	4	-8.50000000e-01	-1.23610000e-08	6.87646631e+07
2.15047800e+02	2023-07-12T16:16:15.206320	-1.00000000e-01	-1.23930000e-04	8.06907125e+02	4	-8.75000000e-01	-1.25070000e-08	6.99608219e+07
2.15350285e+02	2023-07-12T16:16:15.508746	-1.00000000e-01	-1.21860000e-04	8.20613819e+02	4	-9.00000000e-01	-1.36190000e-08	6.60841471e+07
2.15641750e+02	2023-07-12T16:16:15.800320	-1.00000000e-01	-1.19850000e-04	8.34376304e+02	4	-9.25000000e-01	-1.36380000e-08	6.78251943e+07
2.15950976e+02	2023-07-12T16:16:16.109572	-1.00000000e-01	-1.18020000e-04	8.47314015e+02	4	-9.50000000e-01	-1.44170000e-08	6.58944302e+07
2.16245848e+02	2023-07-12T16:16:16.403833	-1.00000000e-01	-1.16590000e-04	8.57706493e+02	4	-9.75000000e-01	-1.68770000e-08	5.77709309e+07
2.16537651e+02	2023-07-12T16:16:16.696406	-1.00000000e-01	-1.15700000e-04	8.64304235e+02	4	-1.00000000e+00	-1.73430000e-08	5.76601511e+07
2.16801049e+02	2023-07-12T16:16:16.959634	-1.00000000e-01	-1.15570000e-04	8.65276456e+02	4	-1.00000000e+00	-1.25580000e-08	7.96305144e+07
2.17098860e+02	2023-07-12T16:16:17.256974	-1.00000000e-01	-1.15320000e-04	8.67152272e+02	4	-9.75000000e-01	-6.27560000e-09	1.55363631e+08
2.17390239e+02	2023-07-12T16:16:17.548533	-1.00000000e-01	-1.15890000e-04	8.62887221e+02	4	-9.50000000e-01	-2.85610000e-09	3.32621407e+08
2.17684517e+02	2023-07-12T16:16:17.843008	-1.00000000e-01	-1.16580000e-04	8.57780065e+02	4	-9.25000000e-01	-3.68360000e-09	2.51113042e+08
2.18636957e+02	2023-07-12T16:16:18.795461	-1.00000000e-01	-1.16200000e-04	8.60585198e+02	4	-9.00000000e-01	-2.40520000e-09	3.74189257e+08
2.19594844e+02	2023-07-12T16:16:19.753728	-1.00000000e-01	-1.12490000e-04	8.88967908e+02	4	-8.75000000e-01	-4.39810000e-09	1.98949546e+08
2.20535681e+02	2023-07-12T16:16:20.694451	-1.00000000e-01	-7.51880000e-05	1.32999947e+03	4	-8.50000000e-01	-2.76590000e-09	3.07314075e+08
2.20834946e+02	2023-07-12T16:16:20.993760	-1.00000000e-01	-3.45520000e-05	2.89418847e+03	4	-8.25000000e-01	-9.82400000e-09	8.39780130e+07
2.21122418e+02	2023-07-12T16:16:21.281090	-1.00000000e-01	-1.21060000e-06	8.26036676e+04	4	-8.00000000e-01	-8.67830000e-10	9.21839531e+08
2.21823580e+02	2023-07-12T16:16:21.981830	-1.00000000e-01	-5.08950000e-06	1.96482955e+04	4	-7.75000000e-01	1.66530000e-09	-4.65381613e+08
2.22124443e+02	2023-07-12T16:16:22.282601	-1.00000000e-01	-2.47230000e-05	4.04481657e+03	4	-7.50000000e-01	1.91410000e-08	-3.91829058e+07
2.22543108e+02	2023-07-12T16:16:22.701158	-1.00000000e-01	-1.02880000e-04	9.72006221e+02	4	-7.25000000e-01	1.03760000e-08	-6.98727833e+07
2.22834888e+02	2023-07-12T16:16:22.992992	-1.00000000e-01	-1.13880000e-04	8.78117316e+02	4	-7.00000000e-01	1.07650000e-08	-6.50255458e+07
2.23125823e+02	2023-07-12T16:16:23.284706	-1.00000000e-01	-1.17900000e-04	8.48176421e+02	4	-6.75000000e-01	6.06830000e-09	-1.11233789e+08
2.23425870e+02	2023-07-12T16:16:23.584144	-1.00000000e-01	-1.17400000e-04	8.51788756e+02	4	-6.50000000e-01	5.02590000e-09	-1.29330070e+08
2.23721784e+02	2023-07-12T16:16:23.879927	-1.00000000e-01	-1.11930000e-04	8.93415528e+02	4	-6.25000000e-01	4.27380000e-09	-1.46239880e+08
2.24017697e+02	2023-07-12T16:16:24.176672	-1.00000000e-01	-1.04510000e-04	9.56846235e+02	4	-6.00000000e-01	4.80830000e-09	-1.24784227e+08
2.24316840e+02	2023-07-12T16:16:24.475565	-1.00000000e-01	-8.66230000e-05	1.15442781e+03	4	-5.75000000e-01	2.31990000e-09	-2.47855511e+08
2.24613169e+02	2023-07-12T16:16:24.771894	-1.00000000e-01	-5.45450000e-05	1.83334861e+03	4	-5.50000000e-01	7.97130000e-10	-6.89975286e+08
2.25850530e+02	2023-07-12T16:16:26.009040	-1.00000000e-01	-1.08800000e-06	9.19117647e+04	4	-5.25000000e-01	3.10590000e-09	-1.69033130e+08
2.26153622e+02	2023-07-12T16:16:26.312495	-1.00000000e-01	-1.24160000e-06	8.05412371e+04	4	-5.00000000e-01	4.22100000e-09	-1.18455342e+08
2.26442737e+02	2023-07-12T16:16:26.601054	-1.00000000e-01	-9.26700000e-07	1.07909787e+05	4	-4.75000000e-01	5.02690000e-09	-9.44916350e+07
2.26749610e+02	2023-07-12T16:16:26.908351	-1.00000000e-01	-9.09770000e-07	1.09917891e+05	4	-4.50000000e-01	9.69900000e-09	-4.63965357e+07
2.27044407e+02	2023-07-12T16:16:27.202983	-1.00000000e-01	-9.64100000e-07	1.03723680e+05	4	-4.25000000e-01	1.03620000e-08	-4.10152480e+07
2.27341473e+02	2023-07-12T16:16:27.499881	-1.00000000e-01	-1.20870000e-06	8.27335153e+04	4	-4.00000000e-01	9.14900000e-09	-4.37206252e+07
2.27623719e+02	2023-07-12T16:16:27.782166	-1.00000000e-01	-1.20220000e-06	8.31808351e+04	4	-3.75000000e-01	1.00680000e-08	-3.72467223e+07
2.27908036e+02	2023-07-12T16:16:28.066897	-1.00000000e-01	-1.18350000e-06	8.44951415e+04	4	-3.50000000e-01	9.43000000e-09	-3.71155885e+07
2.28203108e+02	2023-07-12T16:16:28.361752	-1.00000000e-01	-1.27770000e-06	7.82656336e+04	4	-3.25000000e-01	9.57700000e-09	-3.39354704e+07
2.28501454e+02	2023-07-12T16:16:28.660172	-1.00000000e-01	-1.32930000e-06	7.52275634e+04	4	-3.00000000e-01	9.06600000e-09	-3.30906684e+07
2.28802255e+02	2023-07-12T16:16:28.960886	-1.00000000e-01	-1.37260000e-06	7.28544368e+04	4	-2.75000000e-01	9.24400000e-09	-2.97490264e+07
2.29095707e+02	2023-07-12T16:16:29.253796	-1.00000000e-01	-1.49840000e-06	6.67378537e+04	4	-2.50000000e-01	9.72300000e-09	-2.57122287e+07
2.29391664e+02	2023-07-12T16:16:29.550050	-1.00000000e-01	-1.33710000e-06	7.47887219e+04	4	-2.25000000e-01	9.21200000e-09	-2.44246635e+07
2.29689549e+02	2023-07-12T16:16:29.848670	-1.00000000e-01	-1.52490000e-06	6.55780707e+04	4	-2.00000000e-01	9.96000000e-09	-2.00803213e+07
2.29983243e+02	2023-07-12T16:16:30.142235	-1.00000000e-01	-1.55070000e-06	6.44870059e+04	4	-1.75000000e-01	9.57000000e-09	-1.82863114e+07
2.30284791e+02	2023-07-12T16:16:30.443791	-1.00000000e-01	-1.45390000e-06	6.87805214e+04	4	-1.50000000e-01	9.07200000e-09	-1.65343915e+07
2.30575002e+02	2023-07-12T16:16:30.733459	-1.00000000e-01	-1.34160000e-06	7.45378652e+04	4	-1.25000000e-01	1.18250000e-08	-1.05708245e+07
2.30868210e+02	2023-07-12T16:16:31.027084	-1.00000000e-01	-1.24670000e-06	8.02117590e+04	4	-1.00000000e-01	9.60800000e-09	-1.04079933e+07
2.31169141e+02	2023-07-12T16:16:31.327952	-1.00000000e-01	-1.26420000e-06	7.91014080e+04	4	-7.50000000e-02	9.20600000e-09	-8.14686074e+06
2.31462971e+02	2023-07-12T16:16:31.621385	-1.00000000e-01	-1.14090000e-06	8.76501008e+04	4	-5.00000000e-02	9.90200000e-09	-5.04948495e+06
2.31764952e+02	2023-07-12T16:16:31.923831	-1.00000000e-01	-9.91800000e-07	1.00826780e+05	4	-2.50000000e-02	9.64000000e-09	-2.59336100e+06
2.32051789e+02	2023-07-12T16:16:32.210042	-1.00000000e-01	-8.93130000e-07	1.11965783e+05	4	0.00000000e+00	1.07650000e-08	0.00000000e+00
2.32346801e+02	2023-07-12T16:16:32.505479	-1.00000000e-01	-6.80050000e-07	1.47048011e+05	4	2.50000000e-02	9.55100000e-09	2.61752696e+06
2.32653690e+02	2023-07-12T16:16:32.812637	-1.00000000e-01	-4.25570000e-07	2.34978969e+05	4	5.00000000e-02	1.10330000e-08	4.53185897e+06
2.32944627e+02	2023-07-12T16:16:33.103742	-1.00000000e-01	-2.02900000e-07	4.92853622e+05	4	7.50000000e-02	1.07710000e-08	6.96314177e+06
2.33278928e+02	2023-07-12T16:16:33.437907	-1.00000000e-01	-9.15000000e-08	1.09289617e+06	4	1.00000000e-01	9.75500000e-09	1.02511533e+07
2.33564804e+02	2023-07-12T16:16:33.723849	-1.00000000e-01	-3.45280000e-08	2.89620019e+06	4	1.25000000e-01	1.07710000e-08	1.16052363e+07
2.33870463e+02	2023-07-12T16:16:34.028720	-1.00000000e-01	-1.84200000e-08	5.42888165e+06	4	1.50000000e-01	1.02470000e-08	1.46384308e+07
2.34206033e+02	2023-07-12T16:16:34.365140	-1.00000000e-01	-1.11720000e-08	8.95094880e+06	4	1.75000000e-01	9.81900000e-09	1.78225889e+07
2.34499238e+02	2023-07-12T16:16:34.658185	-1.00000000e-01	-9.36400000e-09	1.06791969e+07	4	2.00000000e-01	1.11040000e-08	1.80115274e+07
2.34788162e+02	2023-07-12T16:16:34.947152	-1.00000000e-01	-7.03690000e-09	1.42108031e+07	4	2.25000000e-01	1.13780000e-08	1.97750044e+07
2.35145825e+02	2023-07-12T16:16:35.304223	-1.00000000e-01	-5.19710000e-09	1.92415001e+07	4	2.50000000e-01	9.59600000e-09	2.60525219e+07
2.35492567e+02	2023-07-12T16:16:35.650909	-1.00000000e-01	-6.63610000e-09	1.50690918e+07	4	2.75000000e-01	1.01070000e-08	2.72088651e+07
2.35826842e+02	2023-07-12T16:16:35.985314	-1.00000000e-01	-9.72300000e-09	1.02848915e+07	4	3.00000000e-01	1.00300000e-08	2.99102692e+07
2.36127140e+02	2023-07-12T16:16:36.286191	-1.00000000e-01	-6.99400000e-09	1.42979697e+07	4	3.25000000e-01	1.01200000e-08	3.21146245e+07
2.36419844e+02	2023-07-12T16:16:36.578867	-1.00000000e-01	-5.21790000e-09	1.91647981e+07	4	3.50000000e-01	9.58300000e-09	3.65230095e+07
2.36713071e+02	2023-07-12T16:16:36.871433	-1.00000000e-01	-7.07620000e-09	1.41318787e+07	4	3.75000000e-01	7.64310000e-09	4.90638615e+07
2.37008432e+02	2023-07-12T16:16:37.167316	-1.00000000e-01	-6.00730000e-09	1.66464135e+07	4	4.00000000e-01	8.05340000e-09	4.96684630e+07
2.37315075e+02	2023-07-12T16:16:37.473418	-1.00000000e-01	-5.58510000e-09	1.79047824e+07	4	4.25000000e-01	1.00870000e-08	4.21334391e+07
2.37610808e+02	2023-07-12T16:16:37.769258	-1.00000000e-01	-6.48460000e-09	1.54211517e+07	4	4.50000000e-01	7.63940000e-09	5.89051496e+07
2.37913180e+02	2023-07-12T16:16:38.072150	-1.00000000e-01	-6.12450000e-09	1.63278635e+07	4	4.75000000e-01	9.59000000e-09	4.95307612e+07
2.38191021e+02	2023-07-12T16:16:38.349982	-1.00000000e-01	-4.97780000e-09	2.00891960e+07	4	5.00000000e-01	7.36010000e-09	6.79338596e+07
2.38493531e+02	2023-07-12T16:16:38.651786	-1.00000000e-01	-6.93260000e-09	1.44246026e+07	4	5.25000000e-01	9.09700000e-09	5.77113334e+07
2.38780781e+02	2023-07-12T16:16:38.939662	-1.00000000e-01	-6.90470000e-09	1.44828885e+07	4	5.50000000e-01	6.97310000e-09	7.88745321e+07
2.39077828e+02	2023-07-12T16:16:39.236746	-1.00000000e-01	-5.28000000e-09	1.89393939e+07	4	5.75000000e-01	6.66470000e-09	8.62754513e+07
2.39381767e+02	2023-07-12T16:16:39.540160	-1.00000000e-01	-6.12600000e-09	1.63238655e+07	4	6.00000000e-01	6.10040000e-09	9.83542063e+07
2.39672914e+02	2023-07-12T16:16:39.831781	-1.00000000e-01	-4.63990000e-09	2.15521886e+07	4	6.25000000e-01	6.95840000e-09	8.98194987e+07
2.40008040e+02	2023-07-12T16:16:40.166598	-1.00000000e-01	-3.54890000e-09	2.81777452e+07	4	6.50000000e-01	6.47210000e-09	1.00431081e+08
2.40336200e+02	2023-07-12T16:16:40.495303	-1.00000000e-01	-4.87710000e-09	2.05039880e+07	4	6.75000000e-01	5.74340000e-09	1.17526204e+08
2.40676770e+02	2023-07-12T16:16:40.835835	-1.00000000e-01	-4.96210000e-09	2.01527579e+07	4	7.00000000e-01	5.55890000e-09	1.25924194e+08
2.41016316e+02	2023-07-12T16:16:41.174744	-1.00000000e-01	-3.12950000e-09	3.19539863e+07	4	7.25000000e-01	5.76230000e-09	1.25817816e+08
2.41337686e+02	2023-07-12T16:16:41.496409	-1.00000000e-01	-3.06020000e-09	3.26776028e+07	4	7.50000000e-01	4.69290000e-09	1.59815892e+08
2.41683262e+02	2023-07-12T16:16:41.842299	-1.00000000e-01	-4.26260000e-09	2.34598602e+07	4	7.75000000e-01	4.33650000e-09	1.78715554e+08
2.42008000e+02	2023-07-12T16:16:42.167176	-1.00000000e-01	-3.35810000e-09	2.97787439e+07	4	8.00000000e-01	4.79740000e-09	1.66756993e+08
2.42354766e+02	2023-07-12T16:16:42.513364	-1.00000000e-01	-3.24380000e-09	3.08280412e+07	4	8.25000000e-01	2.63360000e-09	3.13259417e+08
2.43217260e+02	2023-07-12T16:16:43.376071	-1.00000000e-01	-3.39100000e-09	2.94898260e+07	4	8.50000000e-01	3.75710000e-09	2.26238322e+08
2.43549007e+02	2023-07-12T16:16:43.708173	-1.00000000e-01	-2.56150000e-09	3.90396252e+07	4	8.75000000e-01	2.96060000e-09	2.95548200e+08
2.44423567e+02	2023-07-12T16:16:44.581942	-1.00000000e-01	-3.51670000e-09	2.84357494e+07	4	9.00000000e-01	3.47970000e-09	2.58642986e+08
2.44752241e+02	2023-07-12T16:16:44.910698	-1.00000000e-01	-2.52430000e-09	3.96149428e+07	4	9.25000000e-01	4.67300000e-09	1.97945645e+08
2.45087589e+02	2023-07-12T16:16:45.246784	-1.00000000e-01	-2.66860000e-09	3.74728322e+07	4	9.50000000e-01	5.16630000e-09	1.83884018e+08
2.45425136e+02	2023-07-12T16:16:45.584039	-1.00000000e-01	-4.60990000e-09	2.16924445e+07	4	9.75000000e-01	5.12020000e-09	1.90422249e+08
2.45752007e+02	2023-07-12T16:16:45.911146	-1.00000000e-01	-4.49700000e-09	2.22370469e+07	4	1.00000000e+00	6.39810000e-09	1.56296400e+08
2.46058333e+02	2023-07-12T16:16:46.217611	-1.00000000e-01	-3.85180000e-09	2.59618879e+07	5	1.00000000e+00	4.94940000e-09	2.02044692e+08
2.46345863e+02	2023-07-12T16:16:46.505168	-1.00000000e-01	9.07500000e-09	-1.10192837e+07	5	9.75000000e-01	2.86710000e-09	3.40064874e+08
2.47294700e+02	2023-07-12T16:16:47.453087	-1.00000000e-01	-3.06370000e-09	3.26402716e+07	5	9.50000000e-01	2.00070000e-09	4.74833808e+08
2.47594693e+02	2023-07-12T16:16:47.753493	-1.00000000e-01	-1.72270000e-09	5.80484124e+07	5	9.25000000e-01	7.08000000e-10	1.30649718e+09
2.48822379e+02	2023-07-12T16:16:48.981460	-1.00000000e-01	-9.68080000e-10	1.03297248e+08	5	9.00000000e-01	1.20050000e-09	7.49687630e+08
2.49777781e+02	2023-07-12T16:16:49.936958	-1.00000000e-01	-9.68200000e-10	1.03284445e+08	5	8.75000000e-01	6.80750000e-10	1.28534704e+09
2.50357027e+02	2023-07-12T16:16:50.515824	-1.00000000e-01	-3.97440000e-10	2.51610306e+08	5	8.50000000e-01	4.80410000e-10	1.76932204e+09
2.51056811e+02	2023-07-12T16:16:51.215602	-1.00000000e-01	2.30270000e-10	-4.34272810e+08	5	8.25000000e-01	2.97020000e-10	2.77759073e+09
2.51636736e+02	2023-07-12T16:16:51.795303	-1.00000000e-01	-9.78200000e-10	1.02228583e+08	5	8.00000000e-01	2.81440000e-10	2.84252416e+09
2.52350691e+02	2023-07-12T16:16:52.509265	-1.00000000e-01	1.04940000e-09	-9.52925481e+07	5	7.75000000e-01	4.91520000e-10	1.57674154e+09
2.53046851e+02	2023-07-12T16:16:53.205956	-1.00000000e-01	9.04960000e-10	-1.10502122e+08	5	7.50000000e-01	-1.44800000e-09	-5.17955801e+08
2.53345262e+02	2023-07-12T16:16:53.504358	-1.00000000e-01	-4.42770000e-10	2.25850893e+08	5	7.25000000e-01	3.96450000e-10	1.82872998e+09
2.54359902e+02	2023-07-12T16:16:54.518633	-1.00000000e-01	5.45010000e-10	-1.83482872e+08	5	7.00000000e-01	1.99510000e-10	3.50859606e+09
2.55059997e+02	2023-07-12T16:16:55.218670	-1.00000000e-01	-2.11680000e-10	4.72411187e+08	5	6.75000000e-01	2.80400000e-11	2.40727532e+10
2.55650398e+02	2023-07-12T16:16:55.808929	-1.00000000e-01	2.85960000e-10	-3.49699259e+08	5	6.50000000e-01	2.37090000e-10	2.74157493e+09
2.56349768e+02	2023-07-12T16:16:56.509086	-1.00000000e-01	9.82300000e-10	-1.01801894e+08	5	6.25000000e-01	1.58860000e-10	3.93428176e+09
2.57052826e+02	2023-07-12T16:16:57.211865	-1.00000000e-01	-9.66800000e-10	1.03434009e+08	5	6.00000000e-01	-3.05100000e-11	-1.96656834e+10
2.57636276e+02	2023-07-12T16:16:57.794914	-1.00000000e-01	-1.04690000e-09	9.55201070e+07	5	5.75000000e-01	5.55220000e-10	1.03562552e+09
2.58214189e+02	2023-07-12T16:16:58.373262	-1.00000000e-01	1.19880000e-09	-8.34167501e+07	5	5.50000000e-01	-1.86510000e-10	-2.94890354e+09
2.58803238e+02	2023-07-12T16:16:58.962120	-1.00000000e-01	1.43020000e-09	-6.99202909e+07	5	5.25000000e-01	-1.11200000e-09	-4.72122302e+08
2.59143905e+02	2023-07-12T16:16:59.303167	-1.00000000e-01	9.65160000e-09	-1.03609764e+07	5	5.00000000e-01	-7.12400000e-10	-7.01852892e+08
2.59722150e+02	2023-07-12T16:16:59.880874	-1.00000000e-01	6.14680000e-10	-1.62686276e+08	5	4.75000000e-01	-3.50690000e-10	-1.35447261e+09
2.60962924e+02	2023-07-12T16:17:01.122201	-1.00000000e-01	2.47210000e-10	-4.04514380e+08	5	4.50000000e-01	-1.62890000e-09	-2.76260053e+08
2.61271960e+02	2023-07-12T16:17:01.431429	-1.00000000e-01	2.45980000e-09	-4.06537117e+07	5	4.25000000e-01	-2.33730000e-09	-1.81833740e+08
2.61576900e+02	2023-07-12T16:17:01.736302	-1.00000000e-01	2.52050000e-09	-3.96746677e+07	5	4.00000000e-01	-2.68050000e-09	-1.49225891e+08
2.61875646e+02	2023-07-12T16:17:02.034988	-1.00000000e-01	2.66700000e-09	-3.74953131e+07	5	3.75000000e-01	-3.27370000e-09	-1.14549287e+08
2.62162732e+02	2023-07-12T16:17:02.321874	-1.00000000e-01	3.19210000e-09	-3.13273394e+07	5	3.50000000e-01	-3.36520000e-09	-1.04005705e+08
2.62469836e+02	2023-07-12T16:17:02.628677	-1.00000000e-01	1.88540000e-09	-5.30391429e+07	5	3.25000000e-01	-4.11590000e-09	-7.89620739e+07
2.62774136e+02	2023-07-12T16:17:02.933135	-1.00000000e-01	2.29830000e-09	-4.35104207e+07	5	3.00000000e-01	-4.40930000e-09	-6.80380106e+07
2.63066871e+02	2023-07-12T16:17:03.225834	-1.00000000e-01	3.31450000e-09	-3.01704631e+07	5	2.75000000e-01	-4.41950000e-09	-6.22242335e+07
2.63371169e+02	2023-07-12T16:17:03.529798	-1.00000000e-01	3.21570000e-09	-3.10974282e+07	5	2.50000000e-01	-5.08680000e-09	-4.91468114e+07
2.63672731e+02	2023-07-12T16:17:03.832259	-1.00000000e-01	3.93730000e-09	-2.53981155e+07	5	2.25000000e-01	-5.41030000e-09	-4.15873427e+07
2.63978974e+02	2023-07-12T16:17:04.138261	-1.00000000e-01	5.14550000e-09	-1.94344573e+07	5	2.00000000e-01	-6.04950000e-09	-3.30605835e+07
2.64280730e+02	2023-07-12T16:17:04.439951	-1.00000000e-01	4.50060000e-09	-2.22192597e+07	5	1.75000000e-01	-7.05910000e-09	-2.47906957e+07
2.64583917e+02	2023-07-12T16:17:04.743282	-1.00000000e-01	5.01470000e-09	-1.99413724e+07	5	1.50000000e-01	-9.01300000e-09	-1.66426273e+07
2.64869170e+02	2023-07-12T16:17:05.028637	-1.00000000e-01	3.05070000e-09	-3.27793621e+07	5	1.25000000e-01	-1.33180000e-08	-9.38579366e+06
2.65162978e+02	2023-07-12T16:17:05.321654	-1.00000000e-01	-8.19790000e-09	1.21982459e+07	5	1.00000000e-01	-1.12420000e-08	-8.89521437e+06
2.65516092e+02	2023-07-12T16:17:05.675639	-1.00000000e-01	-3.66630000e-08	2.72754548e+06	5	7.50000000e-02	-1.08720000e-08	-6.89845475e+06
2.65810527e+02	2023-07-12T16:17:05.969361	-1.00000000e-01	-9.10910000e-08	1.09780330e+06	5	5.00000000e-02	-9.11500000e-09	-5.48546352e+06
2.66107059e+02	2023-07-12T16:17:06.265936	-1.00000000e-01	-1.91080000e-07	5.23341009e+05	5	2.50000000e-02	-1.34530000e-08	-1.85832156e+06
2.66395052e+02	2023-07-12T16:17:06.554378	-1.00000000e-01	-2.69440000e-07	3.71140143e+05	5	0.00000000e+00	-1.75410000e-08	-0.00000000e+00
2.66696308e+02	2023-07-12T16:17:06.855741	-1.00000000e-01	-3.14950000e-07	3.17510716e+05	5	-2.50000000e-02	-1.16450000e-08	2.14684414e+06
2.66995971e+02	2023-07-12T16:17:07.155287	-1.00000000e-01	-3.22140000e-07	3.10424039e+05	5	-5.00000000e-02	-1.07820000e-08	4.63735856e+06
2.67292955e+02	2023-07-12T16:17:07.452501	-1.00000000e-01	-3.90380000e-07	2.56160664e+05	5	-7.50000000e-02	-1.12100000e-08	6.69045495e+06
2.67584811e+02	2023-07-12T16:17:07.744219	-1.00000000e-01	-4.29880000e-07	2.32623058e+05	5	-1.00000000e-01	-9.17300000e-09	1.09015589e+07
2.67891090e+02	2023-07-12T16:17:08.050592	-1.00000000e-01	-4.27790000e-07	2.33759555e+05	5	-1.25000000e-01	-1.05010000e-08	1.19036282e+07
2.68185965e+02	2023-07-12T16:17:08.345295	-1.00000000e-01	-4.28120000e-07	2.33579370e+05	5	-1.50000000e-01	-9.78600000e-09	1.53280196e+07
2.68481487e+02	2023-07-12T16:17:08.640188	-1.00000000e-01	-3.32910000e-07	3.00381484e+05	5	-1.75000000e-01	-1.07120000e-08	1.63368185e+07
2.68782131e+02	2023-07-12T16:17:08.941385	-1.00000000e-01	-4.35300000e-07	2.29726625e+05	5	-2.00000000e-01	-9.54300000e-09	2.09577701e+07
2.69081549e+02	2023-07-12T16:17:09.240592	-1.00000000e-01	-3.32780000e-07	3.00498828e+05	5	-2.25000000e-01	-9.67700000e-09	2.32510075e+07
2.69369980e+02	2023-07-12T16:17:09.529189	-1.00000000e-01	-2.52920000e-07	3.95381939e+05	5	-2.50000000e-01	-1.29610000e-08	1.92886351e+07
2.69662472e+02	2023-07-12T16:17:09.821348	-1.00000000e-01	-2.88770000e-07	3.46296360e+05	5	-2.75000000e-01	-1.00360000e-08	2.74013551e+07
2.69961574e+02	2023-07-12T16:17:10.120907	-1.00000000e-01	-2.83020000e-07	3.53331920e+05	5	-3.00000000e-01	-1.05460000e-08	2.84468045e+07
2.70258871e+02	2023-07-12T16:17:10.417909	-1.00000000e-01	-2.08840000e-07	4.78835472e+05	5	-3.25000000e-01	-9.07700000e-09	3.58047813e+07
2.70550189e+02	2023-07-12T16:17:10.709337	-1.00000000e-01	-3.02610000e-07	3.30458346e+05	5	-3.50000000e-01	-9.24300000e-09	3.78664936e+07
2.70863414e+02	2023-07-12T16:17:11.022208	-1.00000000e-01	-4.43330000e-07	2.25565606e+05	5	-3.75000000e-01	-1.06100000e-08	3.53440151e+07
2.71162101e+02	2023-07-12T16:17:11.321614	-1.00000000e-01	-4.83100000e-07	2.06996481e+05	5	-4.00000000e-01	-1.15490000e-08	3.46350333e+07
2.71465148e+02	2023-07-12T16:17:11.624597	-1.00000000e-01	-4.40720000e-07	2.26901434e+05	5	-4.25000000e-01	-1.10380000e-08	3.85033521e+07
2.71764133e+02	2023-07-12T16:17:11.923646	-1.00000000e-01	-1.58300000e-07	6.31711939e+05	5	-4.50000000e-01	-1.04570000e-08	4.30333748e+07
2.72097337e+02	2023-07-12T16:17:12.256437	-1.00000000e-01	-1.66720000e-07	5.99808061e+05	5	-4.75000000e-01	-1.00160000e-08	4.74241214e+07
2.72406215e+02	2023-07-12T16:17:12.565183	-1.00000000e-01	-1.73770000e-07	5.75473327e+05	5	-5.00000000e-01	-9.44700000e-09	5.29268551e+07