Time elapsed	Time stamp	source_Bioprobe Voltage	source_Bioprobe Current	source_Bioprobe Resistance	trans_drain Voltage	trans_drain Current	trans_drain Resistance	Loop1 Index	trans_gate Voltage	trans_gate Current	trans_gate Resistance
s		V	A	V/A	V	A	V/A		V	A	V/A

4.50072128e+02	2023-03-16T21:07:44.609982	-1.56953600e-05	-2.13569000e-07	7.34908156e+01	-2.99915600e-01	-3.62115700e-07	8.28231419e+05	2	1.00015600e+00	6.93296100e-07	1.44261016e+06
4.50574134e+02	2023-03-16T21:07:45.112015	5.12390400e-05	-1.72213600e-07	-2.97531902e+02	-2.99957700e-01	-3.07807900e-07	9.74496431e+05	2	9.50152000e-01	5.46696300e-07	1.73798872e+06
4.51292028e+02	2023-03-16T21:07:45.830060	5.12407300e-05	-1.34157200e-07	-3.81945434e+02	-2.99930300e-01	-2.75749500e-07	1.08769118e+06	2	9.00144200e-01	6.14995700e-07	1.46365934e+06
4.52011352e+02	2023-03-16T21:07:46.549106	1.09809900e-04	-1.13606600e-07	-9.66580287e+02	-2.99943000e-01	-2.48016100e-07	1.20936907e+06	2	8.49917400e-01	3.17429500e-07	2.67749973e+06
4.53245433e+02	2023-03-16T21:07:47.783186	1.09809900e-04	-1.96882000e-07	-5.57744741e+02	-2.99974700e-01	-2.17981100e-07	1.37615004e+06	2	8.00294900e-01	4.75682900e-07	1.68241259e+06
4.53982764e+02	2023-03-16T21:07:48.520233	1.85111700e-04	-1.07125400e-07	-1.72799075e+03	-2.99966000e-01	-1.96824600e-07	1.52402698e+06	2	7.49899000e-01	3.02572300e-07	2.47841260e+06
4.55058043e+02	2023-03-16T21:07:49.595301	1.09812800e-04	-1.40444100e-07	-7.81896854e+02	-2.99940900e-01	-1.70496000e-07	1.75922544e+06	2	6.99717000e-01	2.10032700e-07	3.33146696e+06
4.56823679e+02	2023-03-16T21:07:51.361416	1.01443800e-04	-7.74405500e-08	-1.30995712e+03	-2.99945000e-01	-1.48520400e-07	2.01955422e+06	2	6.49629200e-01	-7.14340900e-08	-9.09410619e+06
4.57544970e+02	2023-03-16T21:07:52.082462	-1.91409700e-04	-3.87317300e-08	4.94193520e+03	-2.99917600e-01	-1.30170400e-07	2.30403840e+06	2	6.00423000e-01	3.25077700e-07	1.84701381e+06
4.58448778e+02	2023-03-16T21:07:52.986520	2.52045500e-04	-3.53360300e-08	-7.13281883e+03	-2.99930600e-01	-1.12513100e-07	2.66573937e+06	2	5.49957100e-01	-8.29387100e-08	-6.63088563e+06
4.59890529e+02	2023-03-16T21:07:54.428612	3.44091700e-04	-1.43801100e-08	-2.39283079e+04	-2.99955700e-01	-9.41081500e-08	3.18735094e+06	2	5.00389700e-01	1.95519400e-07	2.55928414e+06
4.60637400e+02	2023-03-16T21:07:55.174660	-1.74673900e-04	-6.88599900e-09	2.53665300e+04	-2.99923900e-01	-7.23607600e-08	4.14484176e+06	2	4.49624400e-01	-6.71623900e-08	-6.69458606e+06
4.61387876e+02	2023-03-16T21:07:55.925708	2.43684200e-04	1.66167900e-09	1.46649383e+05	-2.99932600e-01	-5.91720200e-08	5.06882476e+06	2	4.00386800e-01	2.71251500e-07	1.47607221e+06
4.62136259e+02	2023-03-16T21:07:56.673756	-2.40623300e-05	-6.02867300e-09	3.99131451e+03	-2.99964000e-01	-4.09737100e-08	7.32088942e+06	2	3.50519400e-01	1.47275900e-07	2.38001873e+06
4.63074021e+02	2023-03-16T21:07:57.611817	1.26544000e-04	-4.59364200e-09	-2.75476408e+04	-2.99966000e-01	-2.65904800e-08	1.12809547e+07	2	2.99862700e-01	-6.41538300e-08	-4.67412000e+06
4.63824999e+02	2023-03-16T21:07:58.362864	1.77729600e-05	1.33020700e-08	1.33610483e+03	-3.00001500e-01	-1.59848300e-08	1.87678881e+07	2	2.50107800e-01	9.43186000e-08	2.65173359e+06
4.64573760e+02	2023-03-16T21:07:59.110912	1.51642600e-04	1.36665200e-08	1.10959191e+04	-2.99974700e-01	-9.79191000e-09	3.06349527e+07	2	2.00269500e-01	9.87850300e-08	2.02732641e+06
4.65354985e+02	2023-03-16T21:07:59.892962	7.63440100e-05	-4.13094600e-09	-1.84809993e+04	-2.99940900e-01	-1.19983200e-08	2.49985748e+07	2	1.50077300e-01	-7.50980100e-08	-1.99841913e+06
4.66105056e+02	2023-03-16T21:08:00.643010	8.47096200e-05	1.21167100e-07	6.99114033e+02	-2.99951400e-01	-9.42379500e-08	3.18291516e+06	2	1.00230500e-01	-4.40008600e-08	-2.27792139e+06
4.67343570e+02	2023-03-16T21:08:01.881090	1.09811800e-04	5.83714400e-07	1.88125905e+02	-2.99991100e-01	-5.50340800e-07	5.45100599e+05	2	5.00747800e-02	5.24859300e-10	9.54061022e+07
4.68526412e+02	2023-03-16T21:08:03.064165	7.63447300e-05	2.14349100e-06	3.56170052e+01	-2.99961700e-01	-2.21230100e-06	1.35588105e+05	2	3.41539300e-06	-1.25373000e-08	-2.72418543e+02
4.69454529e+02	2023-03-16T21:08:03.992225	6.79754600e-05	7.10884500e-06	9.56209623e+00	-2.99951400e-01	-7.27960800e-06	4.12043341e+04	2	-4.98674900e-02	-5.20545800e-08	9.57984677e+05
4.70589018e+02	2023-03-16T21:08:05.126298	7.63432700e-05	1.75717300e-05	4.34466441e+00	-2.99980800e-01	-1.79539100e-05	1.67083827e+04	2	-1.00021400e-01	-3.21463000e-08	3.11144362e+06
4.71510706e+02	2023-03-16T21:08:06.048357	7.63410700e-05	3.76412200e-05	2.02812422e+00	-2.99936600e-01	-3.84198100e-05	7.80682153e+03	2	-1.49928100e-01	-4.00921900e-08	3.73958369e+06
4.72401346e+02	2023-03-16T21:08:06.939414	9.30758600e-05	7.26205900e-05	1.28167315e+00	-2.99898600e-01	-7.29438500e-05	4.11136237e+03	2	-1.99906800e-01	-4.37710400e-08	4.56710190e+06
4.73542464e+02	2023-03-16T21:08:08.080488	4.28726800e-05	1.17593100e-04	3.64584997e-01	-2.99940700e-01	-1.18975500e-04	2.52102912e+03	2	-2.49996900e-01	-8.42759200e-08	2.96640962e+06
4.74261306e+02	2023-03-16T21:08:08.798533	8.47072500e-05	1.78733500e-04	4.73930461e-01	-2.99976400e-01	-1.78988000e-04	1.67595816e+03	2	-2.99927600e-01	-7.88560700e-08	3.80348146e+06
4.75355075e+02	2023-03-16T21:08:09.892604	7.63418000e-05	2.47538900e-04	3.08403245e-01	-2.99943000e-01	-2.47599900e-04	1.21140194e+03	2	-3.49957700e-01	-1.12627900e-07	3.10720257e+06
4.76042825e+02	2023-03-16T21:08:10.580648	1.01446500e-04	3.15986000e-04	3.21047451e-01	-2.99982800e-01	-3.16090300e-04	9.49041461e+02	2	-3.99958100e-01	-1.35828400e-07	2.94458375e+06
4.76746117e+02	2023-03-16T21:08:11.283693	9.30767000e-05	3.78822200e-04	2.45700226e-01	-2.99970400e-01	-3.78806900e-04	7.91882091e+02	2	-4.50019300e-01	-1.52643200e-07	2.94817784e+06
4.77463981e+02	2023-03-16T21:08:12.001740	5.12401700e-05	4.30342100e-04	1.19068457e-01	-2.99972400e-01	-4.30129100e-04	6.97400850e+02	2	-4.99965000e-01	-1.42119700e-07	3.51791483e+06
4.78167395e+02	2023-03-16T21:08:12.704784	5.12384800e-05	4.67222500e-04	1.09666123e-01	-2.99995200e-01	-4.66708700e-04	6.42788960e+02	2	-5.49943800e-01	-1.81172800e-07	3.03546559e+06
4.79229628e+02	2023-03-16T21:08:13.766853	1.09811800e-04	4.87811000e-04	2.25111365e-01	-2.99936600e-01	-4.86967100e-04	6.15927852e+02	2	-5.99997700e-01	-2.84432600e-07	2.10945475e+06
4.79965434e+02	2023-03-16T21:08:14.502900	7.63410700e-05	4.95587400e-04	1.54041588e-01	-2.99953300e-01	-4.94431100e-04	6.06663497e+02	2	-6.49988200e-01	-3.67848100e-07	1.76700165e+06
4.80667198e+02	2023-03-16T21:08:15.204945	6.79754600e-05	4.90520100e-04	1.38578338e-01	-2.99974400e-01	-4.88943200e-04	6.13515844e+02	2	-7.00008700e-01	-4.86456300e-07	1.43899606e+06
4.81375422e+02	2023-03-16T21:08:15.912990	7.63403400e-05	4.73397200e-04	1.61260650e-01	-2.99961700e-01	-4.70965500e-04	6.36908011e+02	2	-7.49915000e-01	-3.14157700e-07	2.38706548e+06
4.82714029e+02	2023-03-16T21:08:17.252077	1.01444700e-04	4.25215100e-04	2.38572666e-01	-2.99945300e-01	-4.22218800e-04	7.10402521e+02	2	-7.99867800e-01	-4.48864400e-07	1.78198093e+06
4.84001516e+02	2023-03-16T21:08:18.539160	1.01444700e-04	3.94531200e-04	2.57127193e-01	-2.99970100e-01	-3.92442900e-04	7.64366230e+02	2	-7.99915000e-01	-4.95714700e-07	1.61366003e+06
4.84486516e+02	2023-03-16T21:08:19.024190	1.01445600e-04	3.95102800e-04	2.56757482e-01	-2.99999500e-01	-3.94468800e-04	7.60515154e+02	2	-7.49965000e-01	-5.54663000e-07	1.35210930e+06
4.85167352e+02	2023-03-16T21:08:19.705234	1.01443800e-04	4.00111200e-04	2.53539016e-01	-2.99987100e-01	-4.00197800e-04	7.49597074e+02	2	-6.99929700e-01	-2.68169400e-07	2.61002821e+06
4.85906595e+02	2023-03-16T21:08:20.444280	6.79747800e-05	4.01832700e-04	1.69161892e-01	-2.99930300e-01	-4.01658100e-04	7.46730366e+02	2	-6.49867200e-01	-1.35372800e-07	4.80057441e+06
4.86809577e+02	2023-03-16T21:08:21.347338	9.30775400e-05	3.96276700e-04	2.34880173e-01	-2.99953300e-01	-3.95745600e-04	7.57944750e+02	2	-5.99843100e-01	-8.43240200e-08	7.11354961e+06
4.87606980e+02	2023-03-16T21:08:22.144390	6.79754600e-05	3.82056800e-04	1.77919775e-01	-2.99943000e-01	-3.81900400e-04	7.85395878e+02	2	-5.49874100e-01	-5.84156200e-08	9.41313471e+06
4.88684125e+02	2023-03-16T21:08:23.221459	1.01444700e-04	3.57292000e-04	2.83926592e-01	-2.99928300e-01	-3.56732500e-04	8.40765279e+02	2	-4.99978500e-01	-4.63483200e-08	1.07874137e+07
4.89886597e+02	2023-03-16T21:08:24.424578	9.30758600e-05	3.20705400e-04	2.90222304e-01	-2.99953300e-01	-3.19471200e-04	9.38905604e+02	2	-4.49887800e-01	-5.19329000e-08	8.66286689e+06
4.90901316e+02	2023-03-16T21:08:25.438693	8.47096200e-05	2.72447300e-04	3.10921121e-01	-2.99957700e-01	-2.71590600e-04	1.10444802e+03	2	-3.99966500e-01	-1.36096200e-08	2.93885134e+07
4.91901529e+02	2023-03-16T21:08:26.439757	7.63403400e-05	2.17537800e-04	3.50929080e-01	-2.99909500e-01	-2.16886200e-04	1.38279660e+03	2	-3.49949400e-01	5.88370800e-10	-5.94776967e+08
4.92808275e+02	2023-03-16T21:08:27.345816	6.79768000e-05	1.61488900e-04	4.20937910e-01	-2.99957700e-01	-1.60611800e-04	1.86759441e+03	2	-2.99894200e-01	-1.38372300e-09	2.16729938e+08
4.93698785e+02	2023-03-16T21:08:28.236873	5.96083700e-05	1.10128600e-04	5.41261489e-01	-2.99966000e-01	-1.09668500e-04	2.73520655e+03	2	-2.49916600e-01	8.30543800e-09	-3.00907189e+07
4.94605156e+02	2023-03-16T21:08:29.142931	5.96083700e-05	6.92187200e-05	8.61159669e-01	-2.99955700e-01	-6.83527000e-05	4.38835189e+03	2	-1.99870300e-01	3.19677000e-10	-6.25225775e+08
4.95480073e+02	2023-03-16T21:08:30.017987	9.30758600e-05	3.76651200e-05	2.47114200e+00	-2.99959700e-01	-3.72843800e-05	8.04518407e+03	2	-1.49869600e-01	1.70392600e-10	-8.79554629e+08
4.96620288e+02	2023-03-16T21:08:31.158060	6.79747800e-05	1.89192100e-05	3.59289738e+00	-2.99953300e-01	-1.86591500e-05	1.60754000e+04	2	-9.98254000e-02	5.51935900e-08	-1.80864118e+06
4.97310985e+02	2023-03-16T21:08:31.849105	7.63440100e-05	7.83828600e-06	9.73988574e+00	-2.99993200e-01	-7.68523500e-06	3.90350067e+04	2	-4.98842200e-02	1.04962600e-08	-4.75257092e+06
4.98042405e+02	2023-03-16T21:08:32.580151	5.96065100e-05	2.42483400e-06	2.45816868e+01	-2.99934600e-01	-2.40235400e-06	1.24850293e+05	2	3.46371900e-04	5.52433900e-08	6.26992478e+03
4.99027297e+02	2023-03-16T21:08:33.565215	7.63388700e-05	5.45046200e-07	1.40059448e+02	-2.99936300e-01	-6.28056800e-07	4.77562380e+05	2	5.00148900e-02	4.93498600e-08	1.01347582e+06
4.99745513e+02	2023-03-16T21:08:34.283260	1.09807000e-04	1.16885000e-07	9.39444753e+02	-2.99970100e-01	-1.18226700e-07	2.53724497e+06	2	1.00482100e-01	8.33521800e-08	1.20551256e+06
5.00761515e+02	2023-03-16T21:08:35.299326	8.47112000e-05	-5.68263300e-09	-1.49070334e+04	-2.99949300e-01	-4.77784400e-08	6.27792159e+06	2	1.49883900e-01	-4.81014900e-09	-3.11599287e+07
5.02032037e+02	2023-03-16T21:08:36.569407	1.03880300e-06	-9.04631500e-09	-1.14831619e+02	-2.99943000e-01	-5.89684100e-08	5.08650310e+06	2	1.99785600e-01	-6.42637300e-08	-3.10883915e+06
5.02781199e+02	2023-03-16T21:08:37.319455	1.93480100e-04	-4.15396700e-08	-4.65771875e+03	-3.00014200e-01	-9.06776600e-08	3.30857898e+06	2	2.50556200e-01	2.55468400e-07	9.80771790e+05
5.03529950e+02	2023-03-16T21:08:38.067504	-7.42666800e-05	-4.84186100e-08	1.53384577e+03	-2.99961700e-01	-1.01639100e-07	2.95124317e+06	2	2.99881500e-01	1.86085000e-07	1.61152968e+06
5.04261924e+02	2023-03-16T21:08:38.799550	1.68376400e-04	-9.96465300e-08	-1.68973671e+03	-2.99978500e-01	-1.04519300e-07	2.87007758e+06	2	3.50369900e-01	2.31458000e-07	1.51375152e+06
5.05152851e+02	2023-03-16T21:08:39.690607	1.09807000e-04	-2.48563300e-08	-4.41766745e+03	-2.99949000e-01	-1.06179300e-07	2.82492915e+06	2	3.99421500e-01	2.09261800e-07	1.90871674e+06
5.06402149e+02	2023-03-16T21:08:40.939688	2.52055100e-04	-1.02059600e-07	-2.46968536e+03	-2.99968100e-01	-1.08805000e-07	2.75693305e+06	2	4.49686000e-01	5.77023100e-08	7.79320620e+06
5.07481688e+02	2023-03-16T21:08:42.019756	2.26951800e-04	-1.37064500e-07	-1.65580292e+03	-2.99964000e-01	-1.21806300e-07	2.46263124e+06	2	4.99610300e-01	2.41448800e-07	2.06921840e+06
5.09057999e+02	2023-03-16T21:08:43.595857	1.76744700e-04	-4.14696600e-08	-4.26202433e+03	-2.99940900e-01	-1.33031200e-07	2.25466582e+06	2	5.49886500e-01	2.02217600e-07	2.71928111e+06
5.10480063e+02	2023-03-16T21:08:45.017949	5.96083700e-05	-9.28512600e-08	-6.41976964e+02	-2.99959700e-01	-1.52924600e-07	1.96148756e+06	2	6.00205300e-01	3.71686300e-07	1.61481685e+06
5.11214580e+02	2023-03-16T21:08:45.752996	7.63454700e-05	-1.12895200e-07	-6.76250806e+02	-2.99968300e-01	-1.74517000e-07	1.71884859e+06	2	6.50331800e-01	4.94300600e-07	1.31566055e+06
5.11935008e+02	2023-03-16T21:08:46.473043	-6.58983500e-05	-1.36877000e-07	4.81442098e+02	-2.99915600e-01	-1.96969100e-07	1.52265305e+06	2	7.00101800e-01	3.87298300e-07	1.80765524e+06
5.12854931e+02	2023-03-16T21:08:47.393101	6.79747800e-05	-1.51670000e-07	-4.48175513e+02	-2.99966000e-01	-2.27511100e-07	1.31846754e+06	2	7.50119800e-01	3.28224000e-07	2.28538986e+06
5.14089468e+02	2023-03-16T21:08:48.627180	-7.42652800e-05	-2.67386500e-07	2.77745062e+02	-2.99930000e-01	-2.53145700e-07	1.18481175e+06	2	8.00009400e-01	6.16647900e-07	1.29735202e+06
5.14654488e+02	2023-03-16T21:08:49.192216	-4.07969000e-05	-2.70457800e-07	1.50843865e+02	-2.99930600e-01	-2.88757900e-07	1.03869227e+06	2	8.50023800e-01	5.65214200e-07	1.50389675e+06
5.15355071e+02	2023-03-16T21:08:49.893262	-8.26334400e-05	-2.26695700e-07	3.64512604e+02	-2.99930300e-01	-3.18546700e-07	9.41558334e+05	2	9.00030300e-01	6.36082900e-07	1.41495755e+06
5.16073982e+02	2023-03-16T21:08:50.612308	-4.07967900e-05	-2.90145700e-07	1.40607943e+02	-2.99955700e-01	-3.47514500e-07	8.63145854e+05	2	9.50189500e-01	7.56610500e-07	1.25585027e+06
5.16776682e+02	2023-03-16T21:08:51.314353	-4.91642800e-05	-2.62827900e-07	1.87058832e+02	-2.99932600e-01	-3.69854800e-07	8.10946891e+05	2	1.00036300e+00	7.23997900e-07	1.38172086e+06